Accuracy: 0.34181078331637843
MSE 6.761953204476094
RMSE 2.600375589117098
              precision    recall  f1-score   support

           0       0.66      0.61      0.63       461
           1       0.11      0.44      0.18       109
           2       0.09      0.12      0.10        74
           3       0.00      0.00      0.00        79
           4       0.00      0.00      0.00        49
           5       0.00      0.00      0.00        45
           6       0.00      0.00      0.00        67
           7       0.00      0.00      0.00        75
           8       0.00      0.00      0.00        24

    accuracy                           0.34       983
   macro avg       0.10      0.13      0.10       983
weighted avg       0.33      0.34      0.32       983

