Accuracy: 0.32502543234994913
MSE 5.483468972533062
RMSE 2.3416808007354595
              precision    recall  f1-score   support

           0       0.71      0.55      0.62      1849
           1       0.13      0.45      0.20       435
           2       0.06      0.14      0.09       293
           3       0.06      0.05      0.05       320
           4       0.03      0.01      0.01       204
           5       0.00      0.00      0.00       179
           6       0.00      0.00      0.00       234
           7       0.00      0.00      0.00       287
           8       0.00      0.00      0.00       131

    accuracy                           0.33      3932
   macro avg       0.11      0.13      0.11      3932
weighted avg       0.36      0.33      0.33      3932

