Accuracy: 0.3540183112919634
MSE 3.958290946083418
RMSE 1.9895454119178628
              precision    recall  f1-score   support

           0       0.75      0.58      0.65       489
           1       0.16      0.41      0.23       121
           2       0.06      0.13      0.08        68
           3       0.06      0.08      0.07        61
           4       0.03      0.02      0.02        50
           5       0.00      0.00      0.00        47
           6       0.00      0.00      0.00        70
           7       0.00      0.00      0.00        57
           8       0.00      0.00      0.00        20

    accuracy                           0.35       983
   macro avg       0.12      0.14      0.12       983
weighted avg       0.40      0.35      0.36       983

