Accuracy: 0.3613936927772126
MSE 3.2187182095625637
RMSE 1.7940786520001188
              precision    recall  f1-score   support

           0       0.78      0.59      0.67      1854
           1       0.17      0.36      0.23       477
           2       0.10      0.18      0.13       319
           3       0.08      0.15      0.11       260
           4       0.10      0.10      0.10       227
           5       0.05      0.04      0.04       180
           6       0.20      0.07      0.10       250
           7       0.42      0.02      0.04       263
           8       0.00      0.00      0.00        99
           9       0.00      0.00      0.00         3

    accuracy                           0.36      3932
   macro avg       0.19      0.15      0.14      3932
weighted avg       0.45      0.36      0.38      3932

