Accuracy: 0.29196337741607326
MSE 7.997965412004069
RMSE 2.828067434133081
              precision    recall  f1-score   support

           0       0.62      0.48      0.54       475
           1       0.10      0.59      0.17       102
           2       0.00      0.00      0.00        70
           3       0.00      0.00      0.00        79
           4       0.00      0.00      0.00        50
           5       0.00      0.00      0.00        45
           6       0.00      0.00      0.00        63
           7       0.00      0.00      0.00        73
           8       0.00      0.00      0.00        26

    accuracy                           0.29       983
   macro avg       0.08      0.12      0.08       983
weighted avg       0.31      0.29      0.28       983

