Accuracy: 0.31637843336724314
MSE 6.575788402848423
RMSE 2.5643300105190097
              precision    recall  f1-score   support

           0       0.67      0.52      0.59       477
           1       0.11      0.49      0.18       110
           2       0.10      0.14      0.11        70
           3       0.00      0.00      0.00        66
           4       0.00      0.00      0.00        60
           5       0.00      0.00      0.00        42
           6       0.00      0.00      0.00        62
           7       0.00      0.00      0.00        62
           8       0.00      0.00      0.00        34

    accuracy                           0.32       983
   macro avg       0.10      0.13      0.10       983
weighted avg       0.35      0.32      0.31       983

