Accuracy: 0.5076297049847406
              precision    recall  f1-score   support

           0       0.67      0.80      0.73       457
           1       0.24      0.41      0.31       114
           2       0.12      0.03      0.05        67
           3       0.10      0.04      0.06        76
           4       0.10      0.02      0.03        60
           5       0.00      0.00      0.00        40
           6       0.35      0.38      0.36        58
           7       0.44      0.57      0.50        84
           8       0.71      0.46      0.56        26
           9       0.00      0.00      0.00         1

    accuracy                           0.51       983
   macro avg       0.27      0.27      0.26       983
weighted avg       0.44      0.51      0.46       983

