Accuracy: 0.3041709053916582
              precision    recall  f1-score   support

           0       0.76      0.33      0.46       477
           1       0.16      0.72      0.26       119
           2       0.14      0.06      0.08        68
           3       0.06      0.05      0.06        73
           4       0.06      0.02      0.03        44
           5       0.00      0.00      0.00        53
           6       0.27      0.12      0.17        57
           7       0.36      0.54      0.43        67
           8       1.00      0.08      0.15        25

    accuracy                           0.30       983
   macro avg       0.31      0.21      0.18       983
weighted avg       0.47      0.30      0.31       983

159 266 13 26 2 0 3 8 0 0
14 86 2 9 2 0 1 5 0 0
6 43 4 8 3 0 0 4 0 0
6 51 1 4 1 0 4 6 0 0
5 28 2 3 1 0 2 3 0 0
8 26 3 6 2 0 2 6 0 0
5 23 2 4 3 0 7 13 0 0
4 12 2 4 2 0 7 36 0 0
1 3 0 0 0 0 0 19 2 0
0 0 0 0 0 0 0 0 0 0

