Accuracy: 0.47100712105798576
              precision    recall  f1-score   support

           0       0.75      0.70      0.73       446
           1       0.21      0.38      0.27       117
           2       0.09      0.07      0.08        75
           3       0.17      0.18      0.17        73
           4       0.13      0.10      0.11        60
           5       0.18      0.06      0.09        34
           6       0.37      0.34      0.35        65
           7       0.49      0.57      0.53        83
           8       0.83      0.33      0.48        30

    accuracy                           0.47       983
   macro avg       0.36      0.30      0.31       983
weighted avg       0.49      0.47      0.47       983

314 92 12 8 10 2 6 2 0 0
41 44 12 12 4 0 3 1 0 0
22 27 5 6 4 2 4 5 0 0
21 19 9 13 6 2 1 2 0 0
12 14 5 9 6 1 5 8 0 0
3 8 5 9 4 2 3 0 0 0
3 3 3 7 9 1 22 17 0 0
2 3 4 9 1 1 14 47 2 0
1 0 0 3 1 0 1 14 10 0
0 0 0 0 0 0 0 0 0 0

