Accuracy: 0.4842319430315361
              precision    recall  f1-score   support

           0       0.81      0.75      0.78       473
           1       0.18      0.25      0.21       110
           2       0.13      0.14      0.13        72
           3       0.20      0.21      0.20        68
           4       0.17      0.16      0.17        67
           5       0.12      0.05      0.07        43
           6       0.28      0.29      0.29        59
           7       0.36      0.55      0.44        58
           8       0.64      0.28      0.39        32
           9       0.00      0.00      0.00         1

    accuracy                           0.48       983
   macro avg       0.29      0.27      0.27       983
weighted avg       0.51      0.48      0.49       983

353 63 16 15 17 6 1 2 0 0
42 28 12 15 6 1 4 1 1 0
17 24 10 8 6 3 1 2 1 0
10 15 14 14 7 0 5 3 0 0
9 13 10 6 11 0 10 8 0 0
4 5 9 5 5 2 9 4 0 0
0 5 4 2 9 3 17 19 0 0
0 3 3 3 3 2 9 32 3 0
0 0 0 2 1 0 4 16 9 0
0 0 0 0 0 0 0 1 0 0

