Accuracy: 0.5200915564598169
              precision    recall  f1-score   support

           0       0.55      0.99      0.70      1857
           1       0.00      0.00      0.00       459
           2       0.00      0.00      0.00       272
           3       0.00      0.00      0.00       293
           4       0.00      0.00      0.00       222
           5       0.00      0.00      0.00       196
           6       0.30      0.20      0.24       247
           7       0.40      0.50      0.44       284
           8       0.31      0.13      0.18       100
           9       0.00      0.00      0.00         2

    accuracy                           0.52      3932
   macro avg       0.16      0.18      0.16      3932
weighted avg       0.31      0.52      0.38      3932

