Accuracy: 0.5439979654120041
              precision    recall  f1-score   support

           0       0.59      0.98      0.74      1868
           1       0.00      0.00      0.00       440
           2       0.00      0.00      0.00       269
           3       0.30      0.03      0.06       301
           4       0.15      0.03      0.05       210
           5       0.24      0.02      0.04       204
           6       0.38      0.33      0.35       266
           7       0.38      0.67      0.49       266
           8       0.57      0.27      0.37       106
           9       0.00      0.00      0.00         2

    accuracy                           0.54      3932
   macro avg       0.26      0.23      0.21      3932
weighted avg       0.39      0.54      0.43      3932

