Accuracy: 0.43845371312309256
              precision    recall  f1-score   support

           0       0.80      0.63      0.71      1794
           1       0.20      0.34      0.25       445
           2       0.17      0.17      0.17       307
           3       0.12      0.12      0.12       309
           4       0.17      0.19      0.18       198
           5       0.08      0.08      0.08       190
           6       0.30      0.37      0.33       264
           7       0.48      0.49      0.48       325
           8       0.51      0.43      0.46       100

    accuracy                           0.44      3932
   macro avg       0.31      0.31      0.31      3932
weighted avg       0.49      0.44      0.46      3932

1134 389 94 70 33 26 21 26 1 0
136 151 48 43 20 14 18 14 1 0
60 72 52 49 18 19 25 7 5 0
52 73 40 36 38 38 14 10 8 0
18 30 20 38 38 19 26 6 3 0
17 17 21 34 32 15 38 14 2 0
4 15 16 17 26 25 97 63 1 0
1 3 7 20 16 20 79 158 21 0
0 0 4 5 3 2 9 34 43 0
0 0 0 0 0 0 0 0 0 0

