Accuracy: 0.46414038657171924
              precision    recall  f1-score   support

           0       0.78      0.67      0.72      1875
           1       0.20      0.34      0.25       437
           2       0.14      0.11      0.12       292
           3       0.22      0.20      0.21       280
           4       0.14      0.13      0.14       210
           5       0.17      0.09      0.12       191
           6       0.29      0.35      0.31       250
           7       0.38      0.53      0.44       290
           8       0.57      0.46      0.51       107

    accuracy                           0.46      3932
   macro avg       0.32      0.32      0.31      3932
weighted avg       0.50      0.46      0.47      3932

1256 361 64 59 44 19 30 40 2 0
167 148 30 40 15 8 11 17 1 0
86 81 32 26 16 10 21 16 4 0
45 67 29 55 29 14 24 11 6 0
31 35 27 27 28 5 31 21 5 0
19 27 24 12 27 17 40 25 0 0
2 16 17 16 21 14 87 75 2 0
7 6 9 18 11 12 57 153 17 0
0 0 5 1 5 0 4 43 49 0
0 0 0 0 0 0 0 0 0 0

