Accuracy: 0.34333672431332657
              precision    recall  f1-score   support

           0       0.77      0.43      0.55      1866
           1       0.15      0.66      0.25       406
           2       0.08      0.05      0.07       273
           3       0.14      0.10      0.12       294
           4       0.19      0.04      0.07       228
           5       0.00      0.00      0.00       186
           6       0.34      0.26      0.29       262
           7       0.32      0.48      0.38       302
           8       0.40      0.16      0.23       113
           9       0.00      0.00      0.00         2

    accuracy                           0.34      3932
   macro avg       0.24      0.22      0.20      3932
weighted avg       0.47      0.34      0.36      3932

795 905 53 45 10 1 23 34 0 0
72 269 24 16 4 0 5 16 0 0
45 159 15 19 2 2 8 13 10 0
34 160 18 29 6 0 16 23 8 0
27 98 16 26 10 0 20 30 1 0
18 65 19 20 9 0 19 36 0 0
14 39 17 30 5 2 68 84 3 0
17 49 14 23 8 4 36 146 5 0
4 3 4 1 0 0 7 76 18 0
0 0 0 0 0 0 0 2 0 0

