Accuracy: 0.28585961342828076
              precision    recall  f1-score   support

           0       0.79      0.42      0.55       473
           1       0.16      0.26      0.20        93
           2       0.00      0.00      0.00        70
           3       0.19      0.21      0.20        80
           4       0.11      0.17      0.13        65
           5       0.06      0.26      0.09        47
           6       0.17      0.12      0.14        59
           7       0.28      0.07      0.11        69
           8       0.30      0.30      0.30        27
           9       0.00      0.00      0.00         0

    accuracy                           0.29       983
   macro avg       0.21      0.18      0.17       983
weighted avg       0.46      0.29      0.34       983

197 74 0 44 49 66 9 0 6 28
19 24 0 8 6 21 1 1 2 11
17 16 0 9 6 16 1 2 0 3
9 13 1 17 10 19 3 4 1 3
4 9 1 6 11 18 4 2 3 7
1 6 2 0 14 12 6 0 2 4
0 5 1 2 4 24 7 2 0 14
1 6 0 2 1 29 6 5 5 14
0 0 0 0 0 10 3 2 8 4
0 0 0 0 0 0 0 0 0 0

