Accuracy: 0.5167853509664293
              precision    recall  f1-score   support

           0       0.53      1.00      0.69       468
           1       0.00      0.00      0.00        98
           2       0.00      0.00      0.00        70
           3       0.00      0.00      0.00        68
           4       0.00      0.00      0.00        66
           5       0.00      0.00      0.00        41
           6       0.00      0.00      0.00        69
           7       0.41      0.55      0.47        73
           8       0.00      0.00      0.00        30

    accuracy                           0.52       983
   macro avg       0.10      0.17      0.13       983
weighted avg       0.28      0.52      0.36       983

468 0 0 0 0 0 0 0 0 0
97 0 0 0 0 0 0 1 0 0
68 0 0 0 0 0 0 2 0 0
64 0 0 0 0 0 0 4 0 0
57 0 0 0 0 0 0 9 0 0
38 0 0 0 0 0 0 3 0 0
51 0 0 0 0 0 0 18 0 0
32 0 0 0 0 0 1 40 0 0
9 0 0 0 0 0 0 21 0 0
0 0 0 0 0 0 0 0 0 0

Accuracy: 0.5076297049847406
              precision    recall  f1-score   support

           0       0.51      1.00      0.68       452
           1       0.00      0.00      0.00       109
           2       0.00      0.00      0.00        77
           3       0.00      0.00      0.00        59
           4       0.00      0.00      0.00        64
           5       0.00      0.00      0.00        52
           6       0.00      0.00      0.00        64
           7       0.48      0.57      0.52        81
           8       1.00      0.08      0.15        25

    accuracy                           0.51       983
   macro avg       0.22      0.18      0.15       983
weighted avg       0.30      0.51      0.36       983

451 0 0 0 0 0 0 1 0 0
108 0 0 0 0 0 0 1 0 0
74 0 0 0 0 0 0 3 0 0
53 0 0 0 0 0 0 6 0 0
60 0 0 0 0 0 0 4 0 0
49 0 0 0 0 0 1 2 0 0
49 0 0 0 0 0 0 15 0 0
33 0 0 0 0 0 2 46 0 0
6 0 0 0 0 0 0 17 2 0
0 0 0 0 0 0 0 0 0 0

