Accuracy: 0.3275686673448627
              precision    recall  f1-score   support

           0       0.77      0.50      0.60       462
           1       0.25      0.27      0.26       112
           2       0.12      0.03      0.04        79
           3       0.13      0.17      0.15        70
           4       0.16      0.20      0.18        51
           5       0.00      0.00      0.00        46
           6       0.11      0.46      0.18        57
           7       0.29      0.13      0.18        75
           8       0.10      0.10      0.10        31
           9       0.00      0.00      0.00         0

    accuracy                           0.33       983
   macro avg       0.19      0.18      0.17       983
weighted avg       0.45      0.33      0.36       983

229 60 2 48 29 1 50 2 5 36
29 30 0 13 6 0 21 1 2 10
20 9 2 12 5 0 20 2 1 8
16 6 3 12 5 1 16 5 2 4
4 3 0 3 10 0 21 0 5 5
0 7 3 1 2 0 24 2 3 4
0 2 2 0 4 0 26 7 3 13
1 4 4 0 1 0 39 10 7 9
0 0 1 0 0 0 15 5 3 7
0 0 0 0 0 0 0 0 0 0

