Accuracy: 0.2960325534079349
              precision    recall  f1-score   support

           0       0.70      0.45      0.55       482
           1       0.27      0.20      0.23       112
           2       0.00      0.00      0.00        73
           3       0.08      0.09      0.08        70
           4       0.11      0.21      0.15        52
           5       0.10      0.39      0.16        51
           6       0.06      0.04      0.04        56
           7       0.34      0.15      0.21        65
           8       0.03      0.05      0.04        22
           9       0.00      0.00      0.00         0

    accuracy                           0.30       983
   macro avg       0.17      0.16      0.15       983
weighted avg       0.42      0.30      0.34       983

219 36 7 47 59 56 10 1 5 42
40 22 4 10 4 15 3 1 1 12
22 10 0 11 8 9 3 3 0 7
22 3 1 6 6 20 2 4 2 4
5 3 2 4 11 17 2 2 3 3
1 3 1 1 6 20 6 2 2 9
2 2 2 0 4 24 2 4 5 11
1 1 5 0 0 26 3 10 11 8
0 1 1 0 0 13 3 2 1 1
0 0 0 0 0 0 0 0 0 0

