Accuracy: 0.3041709053916582
              precision    recall  f1-score   support

           0       0.71      0.48      0.57       463
           1       0.13      0.20      0.15       106
           2       0.14      0.05      0.08        75
           3       0.08      0.13      0.10        77
           4       0.14      0.31      0.20        64
           5       0.07      0.07      0.07        44
           6       0.38      0.10      0.16        61
           7       0.31      0.06      0.10        68
           8       0.08      0.46      0.13        24
           9       0.00      0.00      0.00         1

    accuracy                           0.30       983
   macro avg       0.20      0.19      0.16       983
weighted avg       0.42      0.30      0.33       983

220 66 3 65 61 19 1 0 28 0
38 21 3 21 10 2 1 1 9 0
18 14 4 12 6 6 3 2 10 0
19 15 4 10 7 6 2 4 10 0
4 11 4 7 20 7 1 2 8 0
4 6 3 4 12 3 1 0 11 0
5 13 2 4 7 2 6 0 22 0
2 11 5 4 11 1 0 4 30 0
0 7 1 0 4 0 1 0 11 0
0 1 0 0 0 0 0 0 0 0

