Accuracy: 0.19735503560528994
              precision    recall  f1-score   support

           0       0.81      0.29      0.42       476
           1       0.12      0.05      0.07       104
           2       0.11      0.04      0.06        71
           3       0.09      0.18      0.12        67
           4       0.11      0.25      0.15        56
           5       0.00      0.00      0.00        50
           6       0.11      0.10      0.11        68
           7       0.35      0.10      0.16        67
           8       0.06      0.42      0.10        24
           9       0.00      0.00      0.00         0

    accuracy                           0.20       983
   macro avg       0.18      0.14      0.12       983
weighted avg       0.46      0.20      0.25       983

136 26 7 82 60 22 17 0 31 95
12 5 2 14 11 1 9 3 18 29
11 1 3 11 12 1 7 1 13 11
7 4 4 12 5 1 4 1 17 12
1 1 4 8 14 0 3 1 17 7
0 4 4 3 7 0 8 2 16 6
1 0 2 2 5 0 7 5 31 15
0 0 1 1 11 0 2 7 26 19
0 1 0 1 5 0 4 0 10 3
0 0 0 0 0 0 0 0 0 0

