Accuracy: 0.271617497456765
              precision    recall  f1-score   support

           0       0.74      0.41      0.53       445
           1       0.17      0.26      0.21       110
           2       0.00      0.00      0.00        78
           3       0.09      0.19      0.12        70
           4       0.17      0.25      0.20        64
           5       0.00      0.00      0.00        48
           6       0.18      0.12      0.14        59
           7       0.27      0.05      0.08        82
           8       0.08      0.52      0.14        27
           9       0.00      0.00      0.00         0

    accuracy                           0.27       983
   macro avg       0.17      0.18      0.14       983
weighted avg       0.41      0.27      0.30       983

184 79 0 68 42 5 6 0 26 35
30 29 0 18 5 1 2 2 13 10
13 21 0 16 9 0 4 3 7 5
13 10 0 13 8 1 1 0 19 5
3 10 0 10 16 0 2 2 19 2
2 5 0 4 7 0 3 1 20 6
1 5 0 5 4 0 7 2 25 10
2 9 1 9 3 0 9 4 32 13
0 0 0 1 0 0 4 1 14 7
0 0 0 0 0 0 0 0 0 0

