Accuracy: 0.5005086469989827
              precision    recall  f1-score   support

           0       0.00      0.00      0.00       172
           1       0.50      1.00      0.67       441
           2       0.00      0.00      0.00        89
           3       0.00      0.00      0.00        58
           4       0.00      0.00      0.00        57
           5       0.00      0.00      0.00        43
           6       0.40      0.35      0.38        60
           7       0.57      0.51      0.54        63

    accuracy                           0.50       983
   macro avg       0.18      0.23      0.20       983
weighted avg       0.29      0.50      0.36       983

