Accuracy: 0.42828077314343843
              precision    recall  f1-score   support

           0       0.00      0.00      0.00       195
           1       0.43      1.00      0.60       421
           2       0.00      0.00      0.00        86
           3       0.00      0.00      0.00        67
           4       0.00      0.00      0.00        56
           5       0.00      0.00      0.00        42
           6       0.00      0.00      0.00        60
           7       0.00      0.00      0.00        56

    accuracy                           0.43       983
   macro avg       0.05      0.12      0.08       983
weighted avg       0.18      0.43      0.26       983

