Accuracy: 0.4893184130213632
              precision    recall  f1-score   support

           0       0.00      0.00      0.00       163
           1       0.50      0.99      0.67       439
           2       0.00      0.00      0.00        84
           3       0.00      0.00      0.00        59
           4       0.00      0.00      0.00        48
           5       0.00      0.00      0.00        46
           6       0.30      0.21      0.24        82
           7       0.50      0.49      0.50        61
           8       0.00      0.00      0.00         1

    accuracy                           0.49       983
   macro avg       0.14      0.19      0.16       983
weighted avg       0.28      0.49      0.35       983

