Accuracy: 0.28789420142421157
              precision    recall  f1-score   support

           0       0.37      0.19      0.25       178
           1       0.67      0.46      0.55       435
           2       0.17      0.11      0.13        74
           3       0.11      0.11      0.11        63
           4       0.10      0.22      0.14        50
           5       0.05      0.17      0.08        41
           6       0.18      0.03      0.05        75
           7       0.26      0.21      0.23        66
           8       0.00      0.00      0.00         1

    accuracy                           0.29       983
   macro avg       0.21      0.17      0.17       983
weighted avg       0.42      0.29      0.33       983

