Accuracy: 0.44252288911495424
              precision    recall  f1-score   support

           0       0.00      0.00      0.00       172
           1       0.44      1.00      0.61       435
           2       0.00      0.00      0.00        66
           3       0.00      0.00      0.00        69
           4       0.00      0.00      0.00        54
           5       0.00      0.00      0.00        46
           6       0.00      0.00      0.00        70
           7       0.00      0.00      0.00        69
           8       0.00      0.00      0.00         2

    accuracy                           0.44       983
   macro avg       0.05      0.11      0.07       983
weighted avg       0.20      0.44      0.27       983

