Accuracy: 0.36012207527975587
              precision    recall  f1-score   support

           0       0.25      0.69      0.37       170
           1       0.79      0.31      0.45       432
           2       0.13      0.12      0.12        77
           3       0.21      0.23      0.22        64
           4       0.26      0.21      0.24        42
           5       0.00      0.00      0.00        51
           6       0.38      0.43      0.40        86
           7       0.44      0.54      0.48        59
           8       0.00      0.00      0.00         2

    accuracy                           0.36       983
   macro avg       0.27      0.28      0.25       983
weighted avg       0.49      0.36      0.36       983

