Accuracy: 0.47914547304170907
              precision    recall  f1-score   support

           0       0.33      0.01      0.01       173
           1       0.47      1.00      0.64       418
           2       0.00      0.00      0.00        82
           3       0.00      0.00      0.00        62
           4       0.00      0.00      0.00        61
           5       0.00      0.00      0.00        43
           6       0.50      0.21      0.29        78
           7       0.66      0.58      0.61        66

    accuracy                           0.48       983
   macro avg       0.24      0.22      0.19       983
weighted avg       0.34      0.48      0.34       983

