Accuracy: 0.46083418107833163
              precision    recall  f1-score   support

           0       0.00      0.00      0.00       199
           1       0.45      1.00      0.62       399
           2       0.00      0.00      0.00        77
           3       0.00      0.00      0.00        66
           4       0.00      0.00      0.00        66
           5       0.00      0.00      0.00        36
           6       0.36      0.21      0.26        73
           7       0.64      0.58      0.61        67

    accuracy                           0.46       983
   macro avg       0.18      0.22      0.19       983
weighted avg       0.25      0.46      0.31       983

