Accuracy: 0.4486266531027467
              precision    recall  f1-score   support

           0       0.14      0.01      0.01       199
           1       0.45      0.98      0.62       412
           2       0.00      0.00      0.00        68
           3       0.00      0.00      0.00        74
           4       0.00      0.00      0.00        55
           5       0.00      0.00      0.00        36
           6       0.37      0.16      0.22        81
           7       0.56      0.42      0.48        57
           8       0.00      0.00      0.00         1

    accuracy                           0.45       983
   macro avg       0.17      0.17      0.15       983
weighted avg       0.28      0.45      0.31       983

