Accuracy: 0.3570701932858596
              precision    recall  f1-score   support

           0       0.25      0.72      0.37       171
           1       0.79      0.30      0.44       416
           2       0.14      0.13      0.14        76
           3       0.21      0.21      0.21        73
           4       0.25      0.09      0.13        58
           5       0.25      0.02      0.04        48
           6       0.37      0.45      0.41        82
           7       0.47      0.59      0.53        59

    accuracy                           0.36       983
   macro avg       0.34      0.31      0.28       983
weighted avg       0.49      0.36      0.35       983

