Accuracy: 0.25635808748728384
              precision    recall  f1-score   support

           0       0.33      0.12      0.18       192
           1       0.52      0.43      0.47       436
           2       0.08      0.10      0.09        68
           3       0.15      0.10      0.12        58
           4       0.17      0.24      0.20        54
           5       0.07      0.41      0.12        34
           6       0.00      0.00      0.00        88
           7       0.00      0.00      0.00        53
           8       0.00      0.00      0.00         0

    accuracy                           0.26       983
   macro avg       0.15      0.16      0.13       983
weighted avg       0.32      0.26      0.27       983

Accuracy: 0.254323499491353
              precision    recall  f1-score   support

           0       0.30      0.12      0.17       199
           1       0.48      0.45      0.46       408
           2       0.07      0.07      0.07        71
           3       0.00      0.00      0.00        74
           4       0.18      0.20      0.19        61
           5       0.00      0.00      0.00        40
           6       0.00      0.00      0.00        67
           7       0.10      0.43      0.17        63
           8       0.00      0.00      0.00         0

    accuracy                           0.25       983
   macro avg       0.13      0.14      0.12       983
weighted avg       0.28      0.25      0.25       983

