Accuracy: 0.4211597151576806
              precision    recall  f1-score   support

           0       0.00      0.00      0.00       180
           1       0.42      1.00      0.59       414
           2       0.00      0.00      0.00        79
           3       0.00      0.00      0.00        78
           4       0.00      0.00      0.00        64
           5       0.00      0.00      0.00        36
           6       0.00      0.00      0.00        67
           7       0.00      0.00      0.00        64
           8       0.00      0.00      0.00         1

    accuracy                           0.42       983
   macro avg       0.05      0.11      0.07       983
weighted avg       0.18      0.42      0.25       983

