Accuracy: 0.34994913530010174
              precision    recall  f1-score   support

           0       0.26      0.58      0.36       189
           1       0.73      0.31      0.43       414
           2       0.11      0.14      0.12        81
           3       0.23      0.28      0.25        72
           4       0.16      0.12      0.14        51
           5       0.12      0.02      0.04        44
           6       0.34      0.43      0.38        74
           7       0.55      0.64      0.59        58

    accuracy                           0.35       983
   macro avg       0.32      0.31      0.29       983
weighted avg       0.46      0.35      0.35       983

