Accuracy: 0.47100712105798576
              precision    recall  f1-score   support

           0       0.33      0.01      0.02       175
           1       0.47      0.99      0.64       421
           2       0.00      0.00      0.00        89
           3       0.00      0.00      0.00        62
           4       0.00      0.00      0.00        53
           5       0.00      0.00      0.00        40
           6       0.55      0.22      0.31        83
           7       0.47      0.46      0.46        59
           8       0.00      0.00      0.00         1

    accuracy                           0.47       983
   macro avg       0.20      0.19      0.16       983
weighted avg       0.33      0.47      0.33       983

