Accuracy: 0.4496439471007121
              precision    recall  f1-score   support

           0       0.00      0.00      0.00       209
           1       0.45      1.00      0.62       393
           2       0.00      0.00      0.00        83
           3       0.00      0.00      0.00        67
           4       0.00      0.00      0.00        59
           5       0.00      0.00      0.00        41
           6       0.29      0.22      0.25        64
           7       0.61      0.54      0.57        65
           8       0.00      0.00      0.00         2

    accuracy                           0.45       983
   macro avg       0.15      0.20      0.16       983
weighted avg       0.24      0.45      0.30       983

