Accuracy: 0.4883011190233978
              precision    recall  f1-score   support

           0       0.40      0.01      0.02       174
           1       0.49      0.99      0.66       439
           2       0.00      0.00      0.00        75
           3       0.00      0.00      0.00        63
           4       0.00      0.00      0.00        48
           5       0.00      0.00      0.00        34
           6       0.31      0.16      0.21        70
           7       0.58      0.41      0.48        79
           8       0.00      0.00      0.00         1

    accuracy                           0.49       983
   macro avg       0.20      0.17      0.15       983
weighted avg       0.36      0.49      0.35       983

Accuracy: 0.4649033570701933
              precision    recall  f1-score   support

           0       0.00      0.00      0.00       194
           1       0.46      0.99      0.63       413
           2       0.00      0.00      0.00        67
           3       0.00      0.00      0.00        62
           4       0.00      0.00      0.00        59
           5       0.00      0.00      0.00        43
           6       0.44      0.20      0.28        74
           7       0.59      0.46      0.52        69
           8       0.00      0.00      0.00         2

    accuracy                           0.46       983
   macro avg       0.17      0.18      0.16       983
weighted avg       0.27      0.46      0.32       983

