Accuracy: 0.47711088504577825
              precision    recall  f1-score   support

           0       0.00      0.00      0.00       189
           1       0.48      0.99      0.65       418
           2       0.00      0.00      0.00        77
           3       0.00      0.00      0.00        72
           4       0.00      0.00      0.00        59
           5       0.00      0.00      0.00        38
           6       0.36      0.29      0.32        69
           7       0.56      0.57      0.56        60
           8       0.00      0.00      0.00         1

    accuracy                           0.48       983
   macro avg       0.16      0.21      0.17       983
weighted avg       0.26      0.48      0.33       983

