Accuracy: 0.49847405900305186
              precision    recall  f1-score   support

           0       1.00      0.01      0.01       167
           1       0.49      1.00      0.66       431
           2       0.00      0.00      0.00        75
           3       0.00      0.00      0.00        69
           4       0.00      0.00      0.00        50
           5       0.00      0.00      0.00        46
           6       0.50      0.24      0.33        82
           7       0.56      0.65      0.60        62
           8       0.00      0.00      0.00         1

    accuracy                           0.50       983
   macro avg       0.28      0.21      0.18       983
weighted avg       0.46      0.50      0.36       983

