Accuracy: 0.2624618514750763
              precision    recall  f1-score   support

           0       0.43      0.15      0.22       190
           1       0.55      0.41      0.47       428
           2       0.13      0.11      0.12        79
           3       0.11      0.02      0.03        61
           4       0.11      0.24      0.15        42
           5       0.00      0.00      0.00        45
           6       0.00      0.00      0.00        63
           7       0.13      0.47      0.21        74
           8       0.00      0.00      0.00         1

    accuracy                           0.26       983
   macro avg       0.16      0.16      0.13       983
weighted avg       0.35      0.26      0.28       983

Accuracy: 0.2634791454730417
              precision    recall  f1-score   support

           0       0.37      0.16      0.22       187
           1       0.51      0.43      0.47       416
           2       0.08      0.03      0.04        77
           3       0.05      0.03      0.04        67
           4       0.12      0.22      0.16        45
           5       0.00      0.00      0.00        43
           6       0.00      0.00      0.00        76
           7       0.16      0.52      0.24        71
           8       0.01      1.00      0.01         1

    accuracy                           0.26       983
   macro avg       0.14      0.26      0.13       983
weighted avg       0.31      0.26      0.27       983

