Accuracy: 0.3367243133265514
              precision    recall  f1-score   support

           0       0.29      0.63      0.39       185
           1       0.71      0.29      0.41       403
           2       0.12      0.18      0.14        72
           3       0.13      0.16      0.14        69
           4       0.28      0.16      0.21        55
           5       0.22      0.04      0.06        53
           6       0.30      0.40      0.34        81
           7       0.45      0.52      0.49        63
           8       0.00      0.00      0.00         2

    accuracy                           0.34       983
   macro avg       0.28      0.26      0.24       983
weighted avg       0.45      0.34      0.34       983

