Accuracy: 0.4170905391658189
              precision    recall  f1-score   support

           0       0.00      0.00      0.00       190
           1       0.42      1.00      0.59       410
           2       0.00      0.00      0.00        86
           3       0.00      0.00      0.00        70
           4       0.00      0.00      0.00        48
           5       0.00      0.00      0.00        49
           6       0.00      0.00      0.00        69
           7       0.00      0.00      0.00        61

    accuracy                           0.42       983
   macro avg       0.05      0.12      0.07       983
weighted avg       0.17      0.42      0.25       983

