Accuracy: 0.4170905391658189
              precision    recall  f1-score   support

           0       0.00      0.00      0.00       175
           1       0.42      1.00      0.59       410
           2       0.00      0.00      0.00        73
           3       0.00      0.00      0.00        69
           4       0.00      0.00      0.00        52
           5       0.00      0.00      0.00        57
           6       0.00      0.00      0.00        83
           7       0.00      0.00      0.00        63
           8       0.00      0.00      0.00         1

    accuracy                           0.42       983
   macro avg       0.05      0.11      0.07       983
weighted avg       0.17      0.42      0.25       983

