Accuracy: 0.3652085452695829
              precision    recall  f1-score   support

           0       0.29      0.71      0.41       194
           1       0.75      0.29      0.42       419
           2       0.16      0.16      0.16        70
           3       0.11      0.12      0.11        60
           4       0.18      0.05      0.08        56
           5       0.17      0.02      0.03        56
           6       0.32      0.56      0.40        62
           7       0.60      0.64      0.62        66

    accuracy                           0.37       983
   macro avg       0.32      0.32      0.28       983
weighted avg       0.47      0.37      0.35       983

