Accuracy: 0.3075684380032206
              precision    recall  f1-score   support

           0       0.56      0.42      0.48       109
           1       0.23      0.78      0.36       102
           2       0.20      0.03      0.05        74
           3       0.18      0.05      0.07        66
           4       0.10      0.02      0.03        59
           5       0.00      0.00      0.00        41
           6       0.44      0.21      0.29        70
           7       0.35      0.56      0.43        71
           8       0.80      0.14      0.24        29

    accuracy                           0.31       621
   macro avg       0.32      0.25      0.22       621
weighted avg       0.32      0.31      0.25       621

46 59 0 1 0 0 2 1 0 0
13 80 1 1 1 0 1 5 0 0
11 56 2 1 1 0 0 3 0 0
4 47 1 3 1 0 2 8 0 0
5 42 3 1 1 0 1 6 0 0
2 24 1 4 1 0 4 5 0 0
0 19 1 4 3 2 15 26 0 0
1 17 1 2 1 0 8 40 1 0
0 2 0 0 1 0 1 21 4 0
0 0 0 0 0 0 0 0 0 0

