Accuracy: 0.4832146490335707
              precision    recall  f1-score   support

           0       0.00      0.00      0.00       193
           1       0.49      1.00      0.65       422
           2       0.00      0.00      0.00        75
           3       0.00      0.00      0.00        77
           4       0.00      0.00      0.00        54
           5       0.00      0.00      0.00        33
           6       0.33      0.34      0.33        68
           7       0.67      0.52      0.59        61

    accuracy                           0.48       983
   macro avg       0.19      0.23      0.20       983
weighted avg       0.27      0.48      0.34       983

