Accuracy: 0.3570701932858596
              precision    recall  f1-score   support

           0       0.21      0.09      0.13       190
           1       0.71      0.56      0.62       436
           2       0.07      0.14      0.10        70
           3       0.16      0.48      0.23        67
           4       0.00      0.00      0.00        49
           5       0.00      0.00      0.00        37
           6       0.29      0.66      0.40        73
           7       0.00      0.00      0.00        60
           8       0.03      1.00      0.06         1

    accuracy                           0.36       983
   macro avg       0.16      0.32      0.17       983
weighted avg       0.39      0.36      0.35       983

