Accuracy: 0.32553407934893186
              precision    recall  f1-score   support

           0       0.27      0.68      0.38       174
           1       0.77      0.31      0.44       420
           2       0.14      0.10      0.12        89
           3       0.12      0.17      0.14        72
           4       0.20      0.08      0.11        51
           5       0.00      0.00      0.00        49
           6       0.23      0.36      0.28        76
           7       0.34      0.40      0.37        50
           8       0.00      0.00      0.00         2

    accuracy                           0.33       983
   macro avg       0.23      0.23      0.21       983
weighted avg       0.44      0.33      0.32       983

