Accuracy: 0.5447609359104781
              precision    recall  f1-score   support

           0       0.58      0.98      0.73      1888
           1       0.00      0.00      0.00       416
           2       0.00      0.00      0.00       271
           3       0.00      0.00      0.00       269
           4       0.50      0.00      0.01       261
           5       0.17      0.01      0.01       161
           6       0.32      0.28      0.30       249
           7       0.40      0.62      0.49       308
           8       0.51      0.19      0.28       108
           9       0.00      0.00      0.00         1

    accuracy                           0.54      3932
   macro avg       0.25      0.21      0.18      3932
weighted avg       0.39      0.54      0.42      3932

1859 1 0 1 0 1 8 18 0 0
390 0 0 0 0 1 4 21 0 0
243 1 0 1 0 0 8 11 7 0
225 0 0 0 0 0 15 23 6 0
203 0 0 2 1 1 21 32 1 0
91 0 1 1 0 1 36 31 0 0
95 0 0 1 1 2 70 80 0 0
61 0 0 2 0 0 49 190 6 0
15 0 0 0 0 0 7 65 21 0
0 0 0 0 0 0 0 1 0 0

