Accuracy: 0.4852492370295015
              precision    recall  f1-score   support

           0       0.48      1.00      0.65       446
           1       0.00      0.00      0.00       120
           2       0.00      0.00      0.00        62
           3       0.00      0.00      0.00        78
           4       0.00      0.00      0.00        66
           5       0.00      0.00      0.00        41
           6       0.00      0.00      0.00        58
           7       0.53      0.41      0.46        75
           8       0.00      0.00      0.00        37

    accuracy                           0.49       983
   macro avg       0.11      0.16      0.12       983
weighted avg       0.26      0.49      0.33       983

