Accuracy: 0.3997965412004069
              precision    recall  f1-score   support

           0       0.35      0.43      0.38       177
           1       0.75      0.55      0.64       436
           2       0.00      0.00      0.00        82
           3       0.00      0.00      0.00        62
           4       0.11      0.38      0.17        50
           5       0.06      0.09      0.07        33
           6       0.29      0.68      0.41        79
           7       0.00      0.00      0.00        64
           8       0.00      0.00      0.00         0

    accuracy                           0.40       983
   macro avg       0.17      0.24      0.19       983
weighted avg       0.43      0.40      0.40       983

