Accuracy: 0.3977619532044761
              precision    recall  f1-score   support

           0       0.28      0.33      0.30       192
           1       0.73      0.58      0.64       433
           2       0.00      0.00      0.00        80
           3       0.00      0.00      0.00        57
           4       0.08      0.36      0.13        44
           5       0.09      0.03      0.05        31
           6       0.31      0.80      0.45        76
           7       0.00      0.00      0.00        69
           8       0.00      0.00      0.00         1

    accuracy                           0.40       983
   macro avg       0.17      0.23      0.17       983
weighted avg       0.40      0.40      0.38       983

