Accuracy: 0.4409969481180061
              precision    recall  f1-score   support

           0       0.75      0.65      0.69      1869
           1       0.18      0.40      0.25       449
           2       0.09      0.05      0.06       284
           3       0.12      0.10      0.11       288
           4       0.10      0.05      0.07       244
           5       0.24      0.05      0.08       167
           6       0.30      0.32      0.31       246
           7       0.37      0.61      0.46       283
           8       0.45      0.28      0.35       102

    accuracy                           0.44      3932
   macro avg       0.29      0.28      0.26      3932
weighted avg       0.46      0.44      0.44      3932

