Accuracy: 0.4862665310274669
              precision    recall  f1-score   support

           0       0.48      1.00      0.65       450
           1       0.00      0.00      0.00       132
           2       0.00      0.00      0.00        63
           3       0.00      0.00      0.00        66
           4       0.00      0.00      0.00        56
           5       0.00      0.00      0.00        49
           6       0.00      0.00      0.00        62
           7       0.61      0.36      0.46        77
           8       0.00      0.00      0.00        28

    accuracy                           0.49       983
   macro avg       0.12      0.15      0.12       983
weighted avg       0.27      0.49      0.33       983

