Accuracy: 0.3367243133265514
              precision    recall  f1-score   support

           0       0.32      0.37      0.34       195
           1       0.71      0.55      0.62       414
           2       0.00      0.00      0.00        71
           3       0.00      0.00      0.00        67
           4       0.11      0.37      0.17        52
           5       0.07      0.11      0.08        46
           6       0.00      0.00      0.00        72
           7       0.18      0.12      0.14        66
           8       0.00      0.00      0.00         0

    accuracy                           0.34       983
   macro avg       0.15      0.17      0.15       983
weighted avg       0.38      0.34      0.35       983

