Accuracy: 0.4933875890132248
              precision    recall  f1-score   support

           0       0.50      1.00      0.66       455
           1       0.00      0.00      0.00       118
           2       0.00      0.00      0.00        67
           3       0.00      0.00      0.00        63
           4       0.00      0.00      0.00        56
           5       0.00      0.00      0.00        42
           6       0.00      0.00      0.00        72
           7       0.44      0.36      0.40        83
           8       0.00      0.00      0.00        26
           9       0.00      0.00      0.00         1

    accuracy                           0.49       983
   macro avg       0.09      0.14      0.11       983
weighted avg       0.27      0.49      0.34       983

455 0 0 0 0 0 0 0 0 0
117 0 0 0 0 0 0 1 0 0
65 0 0 0 0 0 0 2 0 0
63 0 0 0 0 0 0 0 0 0
55 0 0 0 0 0 0 1 0 0
41 0 0 0 0 0 0 1 0 0
57 0 0 0 0 0 0 15 0 0
53 0 0 0 0 0 0 30 0 0
8 0 0 0 0 0 0 18 0 0
1 0 0 0 0 0 0 0 0 0

