Accuracy: 0.3275686673448627
              precision    recall  f1-score   support

           0       0.27      0.32      0.30       187
           1       0.70      0.54      0.61       420
           2       0.00      0.00      0.00        67
           3       0.14      0.31      0.19        71
           4       0.00      0.00      0.00        55
           5       0.10      0.15      0.12        55
           6       0.12      0.05      0.07        62
           7       0.08      0.03      0.04        66
           8       0.00      0.00      0.00         0

    accuracy                           0.33       983
   macro avg       0.16      0.16      0.15       983
weighted avg       0.38      0.33      0.34       983

