Accuracy: 0.4516785350966429
              precision    recall  f1-score   support

           0       0.00      0.00      0.00       179
           1       0.45      1.00      0.62       444
           2       0.00      0.00      0.00        62
           3       0.00      0.00      0.00        73
           4       0.00      0.00      0.00        58
           5       0.00      0.00      0.00        36
           6       0.00      0.00      0.00        67
           7       0.00      0.00      0.00        63
           8       0.00      0.00      0.00         1

    accuracy                           0.45       983
   macro avg       0.05      0.11      0.07       983
weighted avg       0.20      0.45      0.28       983

