Accuracy: 0.508646998982706
              precision    recall  f1-score   support

           0       0.25      0.01      0.01       187
           1       0.51      0.99      0.67       412
           2       0.00      0.00      0.00        80
           3       0.00      0.00      0.00        71
           4       0.00      0.00      0.00        54
           5       0.00      0.00      0.00        45
           6       0.47      0.66      0.55        80
           7       0.62      0.72      0.67        54

    accuracy                           0.51       983
   macro avg       0.23      0.30      0.24       983
weighted avg       0.33      0.51      0.36       983

Accuracy: 0.5584944048830112
              precision    recall  f1-score   support

           0       0.58      1.00      0.73       467
           1       0.60      0.02      0.05       123
           2       0.00      0.00      0.00        68
           3       0.00      0.00      0.00        73
           4       0.00      0.00      0.00        58
           5       1.00      0.02      0.04        46
           6       0.40      0.43      0.41        53
           7       0.46      0.66      0.54        71
           8       0.90      0.39      0.55        23
           9       0.00      0.00      0.00         1

    accuracy                           0.56       983
   macro avg       0.39      0.25      0.23       983
weighted avg       0.47      0.56      0.43       983

Accuracy: 0.4862665310274669
              precision    recall  f1-score   support

           0       0.49      1.00      0.65       448
           1       0.00      0.00      0.00       112
           2       0.00      0.00      0.00        71
           3       0.00      0.00      0.00        68
           4       0.00      0.00      0.00        63
           5       0.00      0.00      0.00        38
           6       0.00      0.00      0.00        68
           7       0.50      0.38      0.43        79
           8       0.00      0.00      0.00        36

    accuracy                           0.49       983
   macro avg       0.11      0.15      0.12       983
weighted avg       0.26      0.49      0.33       983

