Accuracy: 0.5228891149542217
              precision    recall  f1-score   support

           0       0.53      1.00      0.69       462
           1       0.00      0.00      0.00        98
           2       0.00      0.00      0.00        70
           3       0.00      0.00      0.00        62
           4       0.00      0.00      0.00        66
           5       0.00      0.00      0.00        39
           6       0.33      0.01      0.03        71
           7       0.48      0.54      0.51        92
           8       0.50      0.04      0.08        23

    accuracy                           0.52       983
   macro avg       0.20      0.18      0.15       983
weighted avg       0.33      0.52      0.38       983

462 0 0 0 0 0 0 0 0 0
96 0 0 0 0 0 0 2 0 0
66 0 0 0 0 0 0 4 0 0
57 0 0 0 0 0 0 5 0 0
61 0 0 0 0 0 0 5 0 0
36 0 0 0 0 0 0 3 0 0
54 0 0 0 0 0 1 16 0 0
40 0 0 0 0 0 1 50 1 0
2 0 0 0 0 0 1 19 1 0
0 0 0 0 0 0 0 0 0 0

Accuracy: 0.54323499491353
              precision    recall  f1-score   support

           0       0.56      0.99      0.72       462
           1       0.25      0.02      0.04        98
           2       0.11      0.01      0.03        70
           3       0.08      0.02      0.03        62
           4       0.33      0.02      0.03        66
           5       0.00      0.00      0.00        39
           6       0.47      0.20      0.28        71
           7       0.53      0.54      0.53        92
           8       0.57      0.35      0.43        23

    accuracy                           0.54       983
   macro avg       0.32      0.24      0.23       983
weighted avg       0.42      0.54      0.43       983

457 1 1 1 0 0 0 2 0 0
89 2 2 2 0 0 0 3 0 0
62 2 1 0 1 0 0 4 0 0
53 1 0 1 1 1 2 2 1 0
54 1 2 1 1 0 1 6 0 0
30 0 2 3 0 0 1 3 0 0
38 1 1 4 0 0 14 12 1 0
25 0 0 1 0 1 11 50 4 0
1 0 0 0 0 0 1 13 8 0
0 0 0 0 0 0 0 0 0 0

{'C': array([1.00000000e-03, 1.58489319e-02, 2.51188643e-01, 3.98107171e+00,
       6.30957344e+01, 1.00000000e+03]), 'gamma': ['scale', 'auto'], 'kernel': ['rbf', 'sigmoid']}
Best Params: {'C': 63.0957344480193, 'gamma': 'auto', 'kernel': 'rbf'}Best Score: 0.5335703269736268
              C  gamma   kernel  mean_test_score  std_test_score
0      0.001000  scale      rbf         0.471007        0.000329
1      0.001000  scale  sigmoid         0.471007        0.000329
2      0.001000   auto      rbf         0.471007        0.000329
3      0.001000   auto  sigmoid         0.471007        0.000329
4      0.015849  scale      rbf         0.471007        0.000329
5      0.015849  scale  sigmoid         0.471007        0.000329
6      0.015849   auto      rbf         0.471007        0.000329
7      0.015849   auto  sigmoid         0.471007        0.000329
8      0.251189  scale      rbf         0.475075        0.001958
9      0.251189  scale  sigmoid         0.469735        0.001048
10     0.251189   auto      rbf         0.471007        0.000329
11     0.251189   auto  sigmoid         0.471007        0.000329
12     3.981072  scale      rbf         0.525180        0.006717
13     3.981072  scale  sigmoid         0.425229        0.006537
14     3.981072   auto      rbf         0.471007        0.000329
15     3.981072   auto  sigmoid         0.471007        0.000329
16    63.095734  scale      rbf         0.525180        0.006717
17    63.095734  scale  sigmoid         0.440745        0.007645
18    63.095734   auto      rbf         0.533570        0.007537
19    63.095734   auto  sigmoid         0.509663        0.003200
20  1000.000000  scale      rbf         0.525180        0.006717
21  1000.000000  scale  sigmoid         0.447105        0.012972
22  1000.000000   auto      rbf         0.520347        0.005295
23  1000.000000   auto  sigmoid         0.518568        0.005825