Accuracy: 0.3967446592065107
              precision    recall  f1-score   support

           0       0.32      0.36      0.34       188
           1       0.72      0.58      0.64       409
           2       0.00      0.00      0.00        79
           3       0.13      0.38      0.20        61
           4       0.00      0.00      0.00        60
           5       0.10      0.15      0.12        47
           6       0.24      0.24      0.24        68
           7       0.41      0.58      0.48        71
           8       0.00      0.00      0.00         0

    accuracy                           0.40       983
   macro avg       0.21      0.25      0.22       983
weighted avg       0.42      0.40      0.40       983

Accuracy: 0.3814852492370295
              precision    recall  f1-score   support

           0       0.33      0.39      0.36       184
           1       0.75      0.57      0.65       414
           2       0.00      0.00      0.00        78
           3       0.13      0.37      0.20        65
           4       0.00      0.00      0.00        58
           5       0.03      0.05      0.03        38
           6       0.67      0.07      0.12        88
           7       0.27      0.65      0.38        57
           8       0.00      0.00      0.00         1

    accuracy                           0.38       983
   macro avg       0.24      0.23      0.19       983
weighted avg       0.46      0.38      0.39       983

