Accuracy: 0.2461851475076297
              precision    recall  f1-score   support

           0       0.34      0.14      0.20       188
           1       0.54      0.39      0.45       424
           2       0.06      0.03      0.04        72
           3       0.11      0.08      0.09        78
           4       0.16      0.28      0.20        47
           5       0.00      0.00      0.00        33
           6       0.00      0.00      0.00        76
           7       0.12      0.45      0.20        64
           8       0.01      1.00      0.01         1

    accuracy                           0.25       983
   macro avg       0.15      0.26      0.13       983
weighted avg       0.33      0.25      0.26       983

