Accuracy: 0.2946859903381642
              precision    recall  f1-score   support

           0       0.51      0.42      0.46        95
           1       0.24      0.76      0.36       105
           2       0.00      0.00      0.00        72
           3       0.33      0.01      0.03        71
           4       0.00      0.00      0.00        52
           5       0.00      0.00      0.00        59
           6       0.19      0.18      0.18        55
           7       0.34      0.65      0.45        79
           8       1.00      0.03      0.06        32
           9       0.00      0.00      0.00         1

    accuracy                           0.29       621
   macro avg       0.26      0.21      0.15       621
weighted avg       0.27      0.29      0.21       621

40 52 0 0 0 0 2 1 0 0
18 80 0 1 0 0 3 3 0 0
8 51 0 0 0 0 4 9 0 0
4 55 0 1 0 0 2 9 0 0
0 39 1 0 0 0 5 7 0 0
3 30 0 0 0 0 10 16 0 0
2 22 0 0 0 0 10 21 0 0
2 7 0 1 0 0 18 51 0 0
1 0 0 0 0 0 0 30 1 0
0 0 0 0 0 0 0 1 0 0

