Accuracy: 0.5005086469989827
              precision    recall  f1-score   support

           0       0.00      0.00      0.00       186
           1       0.49      1.00      0.66       424
           2       0.00      0.00      0.00        73
           3       0.00      0.00      0.00        57
           4       0.00      0.00      0.00        61
           5       0.00      0.00      0.00        36
           6       0.48      0.42      0.45        74
           7       0.72      0.54      0.62        70
           8       0.00      0.00      0.00         2

    accuracy                           0.50       983
   macro avg       0.19      0.22      0.19       983
weighted avg       0.30      0.50      0.36       983

