Accuracy: 0.49643947100712105
              precision    recall  f1-score   support

           0       0.00      0.00      0.00       185
           1       0.49      0.99      0.66       436
           2       0.00      0.00      0.00        73
           3       0.00      0.00      0.00        61
           4       0.00      0.00      0.00        58
           5       0.00      0.00      0.00        40
           6       0.51      0.34      0.41        73
           7       0.56      0.55      0.55        55
           8       0.00      0.00      0.00         2

    accuracy                           0.50       983
   macro avg       0.17      0.21      0.18       983
weighted avg       0.29      0.50      0.35       983

