Accuracy: 0.47100712105798576
              precision    recall  f1-score   support

           0       0.40      0.01      0.02       176
           1       0.48      0.99      0.64       430
           2       0.00      0.00      0.00        85
           3       0.00      0.00      0.00        67
           4       0.00      0.00      0.00        57
           5       0.00      0.00      0.00        41
           6       0.41      0.17      0.24        75
           7       0.42      0.45      0.43        51
           8       0.00      0.00      0.00         1

    accuracy                           0.47       983
   macro avg       0.19      0.18      0.15       983
weighted avg       0.33      0.47      0.33       983

