Accuracy: 0.5218718209562564
              precision    recall  f1-score   support

           0       0.00      0.00      0.00       160
           1       0.52      0.99      0.68       452
           2       0.00      0.00      0.00        83
           3       0.00      0.00      0.00        52
           4       0.00      0.00      0.00        55
           5       0.00      0.00      0.00        45
           6       0.40      0.42      0.41        69
           7       0.70      0.58      0.63        66
           8       0.00      0.00      0.00         1

    accuracy                           0.52       983
   macro avg       0.18      0.22      0.19       983
weighted avg       0.31      0.52      0.38       983

