Accuracy: 0.4526958290946083
              precision    recall  f1-score   support

           0       0.00      0.00      0.00       180
           1       0.45      1.00      0.62       445
           2       0.00      0.00      0.00        66
           3       0.00      0.00      0.00        78
           4       0.00      0.00      0.00        43
           5       0.00      0.00      0.00        46
           6       0.00      0.00      0.00        68
           7       0.00      0.00      0.00        57

    accuracy                           0.45       983
   macro avg       0.06      0.12      0.08       983
weighted avg       0.20      0.45      0.28       983

