Accuracy: 0.28019323671497587
              precision    recall  f1-score   support

           0       0.91      0.19      0.31       106
           1       0.21      0.96      0.35       104
           2       0.00      0.00      0.00        74
           3       0.00      0.00      0.00        73
           4       0.00      0.00      0.00        48
           5       0.00      0.00      0.00        51
           6       0.75      0.04      0.08        68
           7       0.44      0.70      0.54        73
           8       0.00      0.00      0.00        23
           9       0.00      0.00      0.00         1

    accuracy                           0.28       621
   macro avg       0.23      0.19      0.13       621
weighted avg       0.32      0.28      0.18       621

20 85 0 0 0 0 0 1 0 0
1 100 0 0 0 0 0 3 0 0
0 67 0 2 0 0 0 5 0 0
0 65 0 0 0 0 0 8 0 0
0 43 0 2 0 0 1 2 0 0
1 47 0 0 0 0 0 3 0 0
0 42 0 1 0 0 3 22 0 0
0 22 0 0 0 0 0 51 0 0
0 3 0 0 0 0 0 20 0 0
0 0 0 0 0 0 0 1 0 0

