Accuracy: 0.4669379450661241
              precision    recall  f1-score   support

           0       0.00      0.00      0.00       171
           1       0.48      0.99      0.65       425
           2       0.00      0.00      0.00        76
           3       0.00      0.00      0.00        79
           4       0.00      0.00      0.00        50
           5       0.00      0.00      0.00        46
           6       0.25      0.19      0.22        72
           7       0.46      0.41      0.44        63
           8       0.00      0.00      0.00         1

    accuracy                           0.47       983
   macro avg       0.13      0.18      0.14       983
weighted avg       0.26      0.47      0.32       983

