Accuracy: 0.4069175991861648
              precision    recall  f1-score   support

           0       0.31      0.38      0.34       179
           1       0.75      0.56      0.64       450
           2       0.00      0.00      0.00        68
           3       0.16      0.36      0.23        72
           4       0.00      0.00      0.00        38
           5       0.08      0.12      0.09        40
           6       0.11      0.01      0.02        72
           7       0.27      0.76      0.40        62
           8       0.00      0.00      0.00         2

    accuracy                           0.41       983
   macro avg       0.19      0.24      0.19       983
weighted avg       0.44      0.41      0.40       983

