Accuracy: 0.3494496855345912
              precision    recall  f1-score   support

           0       0.49      0.68      0.57       440
           1       0.32      0.56      0.41       453
           2       0.06      0.02      0.03       288
           3       0.16      0.11      0.13       281
           4       0.21      0.10      0.14       226
           5       0.14      0.04      0.06       190
           6       0.35      0.28      0.31       274
           7       0.38      0.59      0.46       289
           8       0.51      0.24      0.32       102
           9       0.00      0.00      0.00         1

    accuracy                           0.35      2544
   macro avg       0.26      0.26      0.24      2544
weighted avg       0.30      0.35      0.30      2544

301 109 8 10 2 1 2 7 0 0
122 252 16 23 6 1 14 19 0 0
74 137 5 27 6 8 13 14 4 0
54 118 20 30 17 7 11 20 4 0
32 79 11 23 23 8 21 25 4 0
13 48 10 27 18 7 29 37 1 0
8 24 8 27 22 8 77 97 3 0
3 14 9 17 12 10 47 170 7 0
2 4 2 1 1 0 6 62 24 0
0 0 0 0 0 0 0 1 0 0

Accuracy: 0.36163522012578614
              precision    recall  f1-score   support

           0       0.53      0.71      0.61       447
           1       0.32      0.58      0.42       436
           2       0.06      0.03      0.04       274
           3       0.15      0.09      0.11       297
           4       0.20      0.07      0.10       236
           5       0.13      0.03      0.05       179
           6       0.28      0.30      0.29       254
           7       0.49      0.59      0.53       315
           8       0.51      0.28      0.36       105
           9       0.00      0.00      0.00         1

    accuracy                           0.36      2544
   macro avg       0.27      0.27      0.25      2544
weighted avg       0.31      0.36      0.32      2544

317 105 9 6 1 1 1 6 1 0
111 254 21 18 6 6 10 9 1 0
66 137 9 24 7 4 18 7 2 0
48 124 36 27 16 9 20 12 5 0
25 77 28 35 16 7 28 16 4 0
14 39 14 27 13 5 51 16 0 0
9 32 10 31 14 3 77 75 3 0
5 13 9 15 8 4 63 186 12 0
0 6 4 1 0 0 11 54 29 0
0 0 0 0 0 0 0 1 0 0

