Accuracy: 0.491353001017294
              precision    recall  f1-score   support

           0       0.18      0.01      0.02       762
           1       0.51      0.98      0.67      1717
           2       0.00      0.00      0.00       304
           3       0.00      0.00      0.00       285
           4       0.17      0.01      0.02       188
           5       0.00      0.00      0.00       162
           6       0.34      0.45      0.39       278
           7       0.52      0.51      0.52       233
           8       0.00      0.00      0.00         3

    accuracy                           0.49      3932
   macro avg       0.19      0.22      0.18      3932
weighted avg       0.32      0.49      0.35      3932

