Accuracy: 0.25442834138486314
              precision    recall  f1-score   support

           0       0.79      0.13      0.22        87
           1       0.21      0.96      0.34       105
           2       0.00      0.00      0.00        79
           3       0.00      0.00      0.00        73
           4       0.00      0.00      0.00        58
           5       0.00      0.00      0.00        51
           6       0.50      0.03      0.06        66
           7       0.38      0.59      0.46        74
           8       0.00      0.00      0.00        28

    accuracy                           0.25       621
   macro avg       0.21      0.19      0.12       621
weighted avg       0.24      0.25      0.15       621

11 73 0 0 0 0 0 3 0 0
1 101 0 0 0 0 0 3 0 0
0 77 0 0 0 0 0 2 0 0
0 66 0 0 0 0 1 6 0 0
1 57 0 0 0 0 0 0 0 0
0 44 0 0 0 0 0 7 0 0
0 40 0 0 0 0 2 24 0 0
1 28 0 0 0 0 1 44 0 0
0 1 0 0 0 0 0 27 0 0
0 0 0 0 0 0 0 0 0 0

