Accuracy: 0.43641912512716174
              precision    recall  f1-score   support

           0       0.00      0.00      0.00       165
           1       0.44      1.00      0.61       429
           2       0.00      0.00      0.00        83
           3       0.00      0.00      0.00        75
           4       0.00      0.00      0.00        59
           5       0.00      0.00      0.00        49
           6       0.00      0.00      0.00        68
           7       0.00      0.00      0.00        54
           8       0.00      0.00      0.00         1

    accuracy                           0.44       983
   macro avg       0.05      0.11      0.07       983
weighted avg       0.19      0.44      0.27       983

