Accuracy: 0.5198372329603256
              precision    recall  f1-score   support

           0       0.20      0.01      0.01       186
           1       0.53      0.99      0.69       438
           2       0.00      0.00      0.00        71
           3       0.00      0.00      0.00        62
           4       0.00      0.00      0.00        53
           5       0.00      0.00      0.00        50
           6       0.40      0.66      0.50        67
           7       0.64      0.62      0.63        55
           8       0.00      0.00      0.00         1

    accuracy                           0.52       983
   macro avg       0.20      0.25      0.20       983
weighted avg       0.34      0.52      0.38       983

Accuracy: 0.5513733468972533
              precision    recall  f1-score   support

           0       0.58      0.99      0.73       470
           1       0.57      0.03      0.06       120
           2       0.50      0.03      0.05        74
           3       0.00      0.00      0.00        77
           4       0.00      0.00      0.00        46
           5       0.00      0.00      0.00        50
           6       0.39      0.43      0.41        49
           7       0.41      0.64      0.50        70
           8       0.57      0.15      0.24        27

    accuracy                           0.55       983
   macro avg       0.34      0.25      0.22       983
weighted avg       0.45      0.55      0.43       983

Accuracy: 0.4933875890132248
              precision    recall  f1-score   support

           0       0.49      1.00      0.66       455
           1       0.00      0.00      0.00       106
           2       0.00      0.00      0.00        82
           3       0.00      0.00      0.00        80
           4       0.00      0.00      0.00        62
           5       0.00      0.00      0.00        42
           6       0.00      0.00      0.00        57
           7       0.52      0.41      0.45        74
           8       0.00      0.00      0.00        25

    accuracy                           0.49       983
   macro avg       0.11      0.16      0.12       983
weighted avg       0.27      0.49      0.34       983

