Accuracy: 0.3896236012207528
              precision    recall  f1-score   support

           0       0.31      0.44      0.37       176
           1       0.75      0.51      0.61       452
           2       0.00      0.00      0.00        63
           3       0.13      0.34      0.18        68
           4       0.50      0.02      0.04        54
           5       0.04      0.03      0.03        38
           6       0.25      0.74      0.37        66
           7       0.00      0.00      0.00        64
           8       0.00      0.00      0.00         2

    accuracy                           0.39       983
   macro avg       0.22      0.23      0.18       983
weighted avg       0.45      0.39      0.39       983

