Accuracy: 0.38351983723296035
              precision    recall  f1-score   support

           0       0.34      0.35      0.35       186
           1       0.76      0.58      0.66       434
           2       0.00      0.00      0.00        64
           3       0.00      0.00      0.00        73
           4       0.09      0.28      0.14        58
           5       0.07      0.13      0.09        47
           6       0.40      0.07      0.11        61
           7       0.26      0.58      0.35        59
           8       0.00      0.00      0.00         1

    accuracy                           0.38       983
   macro avg       0.21      0.22      0.19       983
weighted avg       0.45      0.38      0.40       983

