Accuracy: 0.37945066124109866
              precision    recall  f1-score   support

           0       0.29      0.79      0.42       183
           1       0.84      0.30      0.44       441
           2       0.13      0.13      0.13        71
           3       0.17      0.22      0.19        55
           4       0.17      0.04      0.06        53
           5       0.50      0.02      0.04        46
           6       0.32      0.47      0.38        66
           7       0.60      0.63      0.61        67
           8       0.00      0.00      0.00         1

    accuracy                           0.38       983
   macro avg       0.33      0.29      0.25       983
weighted avg       0.54      0.38      0.37       983

