Accuracy: 0.345125786163522
              precision    recall  f1-score   support

           0       0.48      0.62      0.54       460
           1       0.26      0.63      0.37       440
           2       0.11      0.00      0.01       281
           3       0.17      0.08      0.11       268
           4       0.00      0.00      0.00       247
           5       0.00      0.00      0.00       182
           6       0.38      0.31      0.34       270
           7       0.40      0.66      0.49       293
           8       0.42      0.14      0.21       101
           9       0.00      0.00      0.00         2

    accuracy                           0.35      2544
   macro avg       0.22      0.24      0.21      2544
weighted avg       0.27      0.35      0.28      2544

286 153 0 6 1 0 6 8 0 0
113 278 3 12 1 0 12 21 0 0
54 171 1 17 1 0 10 19 8 0
61 142 2 22 0 0 16 17 8 0
40 122 3 18 0 0 24 40 0 0
16 82 0 20 4 0 27 33 0 0
13 66 0 24 0 1 85 80 1 0
6 39 0 14 1 0 39 192 2 0
1 6 0 0 0 0 6 74 14 0
0 0 0 0 0 0 0 2 0 0

