Accuracy: 0.525940996948118
              precision    recall  f1-score   support

           0       0.54      1.00      0.70       466
           1       0.00      0.00      0.00        97
           2       0.00      0.00      0.00        77
           3       0.00      0.00      0.00        80
           4       0.00      0.00      0.00        52
           5       0.00      0.00      0.00        41
           6       0.53      0.11      0.18        73
           7       0.39      0.60      0.48        72
           8       0.33      0.04      0.07        25

    accuracy                           0.53       983
   macro avg       0.20      0.19      0.16       983
weighted avg       0.33      0.53      0.38       983

465 1 0 0 0 0 0 0 0 0
96 0 0 0 0 0 0 1 0 0
74 0 0 0 0 0 0 3 0 0
71 0 0 0 0 0 2 7 0 0
47 0 0 0 0 0 1 4 0 0
35 0 0 0 0 0 0 6 0 0
42 0 0 0 0 0 8 23 0 0
23 0 0 0 0 0 4 43 2 0
2 0 0 0 0 0 0 22 1 0
0 0 0 0 0 0 0 0 0 0

