Accuracy: 0.3252818035426731
              precision    recall  f1-score   support

           0       0.48      0.62      0.54        96
           1       0.27      0.58      0.36       111
           2       0.14      0.04      0.06        72
           3       0.04      0.03      0.04        59
           4       0.12      0.03      0.05        67
           5       0.33      0.02      0.04        52
           6       0.24      0.18      0.20        57
           7       0.43      0.66      0.52        74
           8       0.79      0.33      0.47        33

    accuracy                           0.33       621
   macro avg       0.32      0.28      0.25       621
weighted avg       0.30      0.33      0.27       621

60 31 3 1 1 0 0 0 0 0
29 64 4 8 0 0 3 3 0 0
7 48 3 9 2 0 1 2 0 0
11 38 2 2 1 0 2 3 0 0
9 28 3 12 2 1 7 5 0 0
4 15 4 6 4 1 8 10 0 0
2 9 1 5 5 1 10 24 0 0
3 5 0 2 2 0 10 49 3 0
0 2 1 0 0 0 1 18 11 0
0 0 0 0 0 0 0 0 0 0

Accuracy: 0.32689210950080516
              precision    recall  f1-score   support

           0       0.56      0.50      0.52       111
           1       0.25      0.71      0.37        98
           2       0.19      0.04      0.06        77
           3       0.12      0.09      0.10        67
           4       0.07      0.03      0.04        67
           5       0.00      0.00      0.00        40
           6       0.28      0.22      0.24        55
           7       0.51      0.57      0.54        80
           8       0.90      0.35      0.50        26

    accuracy                           0.33       621
   macro avg       0.32      0.28      0.27       621
weighted avg       0.31      0.33      0.29       621

55 49 0 4 1 0 0 2 0 0
19 70 1 3 4 0 1 0 0 0
8 52 3 7 2 0 2 3 0 0
7 41 1 6 4 0 3 5 0 0
7 27 4 15 2 0 7 5 0 0
1 19 2 6 5 0 5 2 0 0
1 14 3 3 5 2 12 15 0 0
1 7 2 5 5 1 12 46 1 0
0 1 0 1 1 0 1 13 9 0
0 0 0 0 0 0 0 0 0 0

