Accuracy: 0.47914547304170907
              precision    recall  f1-score   support

           0       0.48      1.00      0.65       441
           1       0.00      0.00      0.00       125
           2       0.00      0.00      0.00        79
           3       0.00      0.00      0.00        77
           4       0.00      0.00      0.00        52
           5       0.00      0.00      0.00        36
           6       0.00      0.00      0.00        62
           7       0.51      0.37      0.43        81
           8       0.00      0.00      0.00        30

    accuracy                           0.48       983
   macro avg       0.11      0.15      0.12       983
weighted avg       0.26      0.48      0.33       983

