Accuracy: 0.3041709053916582
              precision    recall  f1-score   support

           0       0.72      0.31      0.43       466
           1       0.16      0.77      0.27       114
           2       0.00      0.00      0.00        64
           3       0.11      0.11      0.11        66
           4       0.17      0.02      0.04        47
           5       0.00      0.00      0.00        44
           6       0.41      0.11      0.17        64
           7       0.40      0.60      0.48        85
           8       1.00      0.06      0.11        33

    accuracy                           0.30       983
   macro avg       0.33      0.22      0.18       983
weighted avg       0.47      0.30      0.30       983

143 285 9 19 2 0 0 8 0 0
9 88 2 12 1 0 0 2 0 0
6 46 0 6 2 0 1 3 0 0
6 43 3 7 0 0 2 5 0 0
12 25 0 3 1 0 1 5 0 0
4 27 4 1 0 0 0 8 0 0
6 22 1 8 0 0 7 20 0 0
11 10 1 6 0 0 6 51 0 0
2 3 0 2 0 0 0 24 2 0
0 0 0 0 0 0 0 0 0 0

