Accuracy: 0.5422177009155646
              precision    recall  f1-score   support

           0       0.56      0.99      0.72       457
           1       0.43      0.03      0.05       116
           2       1.00      0.02      0.03        65
           3       0.33      0.03      0.05        70
           4       0.00      0.00      0.00        63
           5       0.50      0.04      0.08        47
           6       0.27      0.25      0.26        53
           7       0.52      0.63      0.57        81
           8       0.78      0.23      0.35        31

    accuracy                           0.54       983
   macro avg       0.49      0.25      0.23       983
weighted avg       0.51      0.54      0.42       983

454 0 0 0 0 0 2 1 0 0
109 3 0 0 0 0 3 1 0 0
54 2 1 1 0 0 3 4 0 0
59 0 0 2 0 1 2 5 1 0
48 0 0 3 0 0 5 7 0 0
36 0 0 0 1 2 5 3 0 0
24 2 0 0 2 1 13 11 0 0
15 0 0 0 0 0 14 51 1 0
7 0 0 0 0 0 1 16 7 0
0 0 0 0 0 0 0 0 0 0

