Accuracy: 0.3832528180354267
              precision    recall  f1-score   support

           0       0.45      0.67      0.54       101
           1       0.29      0.65      0.41       114
           2       0.12      0.02      0.03        65
           3       0.21      0.05      0.08        79
           4       0.38      0.08      0.14        61
           5       0.00      0.00      0.00        44
           6       0.38      0.41      0.39        51
           7       0.47      0.68      0.55        75
           8       1.00      0.45      0.62        31

    accuracy                           0.38       621
   macro avg       0.37      0.33      0.31       621
weighted avg       0.34      0.38      0.32       621

68 30 0 1 1 0 1 0 0 0
30 74 1 2 0 1 1 5 0 0
12 41 1 4 1 0 2 4 0 0
19 44 2 4 2 0 3 5 0 0
14 27 3 4 5 0 2 6 0 0
4 18 0 3 2 0 10 7 0 0
3 10 0 0 1 0 21 16 0 0
0 7 1 1 1 0 14 51 0 0
0 0 0 0 0 0 2 15 14 0
0 0 0 0 0 0 0 0 0 0

