Accuracy: 0.3498427672955975
              precision    recall  f1-score   support

           0       0.52      0.66      0.58       499
           1       0.26      0.54      0.35       422
           2       0.08      0.02      0.03       286
           3       0.26      0.13      0.18       289
           4       0.22      0.06      0.09       234
           5       0.24      0.02      0.04       180
           6       0.31      0.35      0.33       237
           7       0.38      0.61      0.47       283
           8       0.49      0.17      0.25       113
           9       0.00      0.00      0.00         1

    accuracy                           0.35      2544
   macro avg       0.28      0.26      0.23      2544
weighted avg       0.31      0.35      0.30      2544

327 139 5 10 5 0 6 7 0 0
131 227 8 16 8 1 16 15 0 0
65 152 5 21 4 1 20 13 5 0
40 141 10 38 5 4 19 23 9 0
38 86 11 24 14 0 26 32 3 0
17 63 13 11 10 4 35 27 0 0
6 39 6 13 9 1 83 79 1 0
7 18 3 10 8 6 56 173 2 0
3 2 0 1 2 0 6 80 19 0
0 0 0 0 0 0 0 1 0 0

