Accuracy: 0.37945066124109866
              precision    recall  f1-score   support

           0       0.28      0.32      0.30       179
           1       0.70      0.54      0.61       439
           2       0.00      0.00      0.00        83
           3       0.15      0.41      0.22        63
           4       0.00      0.00      0.00        51
           5       0.03      0.05      0.04        40
           6       0.25      0.78      0.38        64
           7       0.00      0.00      0.00        62
           8       0.00      0.00      0.00         2

    accuracy                           0.38       983
   macro avg       0.16      0.23      0.17       983
weighted avg       0.39      0.38      0.37       983

