Accuracy: 0.3159101329665291
              precision    recall  f1-score   support

           0       1.00      0.11      0.20       110
           1       0.35      0.79      0.49       472
           2       0.09      0.04      0.05       275
           3       0.18      0.12      0.14       274
           4       0.13      0.04      0.06       221
           5       0.32      0.04      0.07       185
           6       0.30      0.28      0.29       262
           7       0.36      0.54      0.43       278
           8       0.45      0.21      0.29       103
           9       0.00      0.00      0.00         1

    accuracy                           0.32      2181
   macro avg       0.32      0.22      0.20      2181
weighted avg       0.30      0.32      0.25      2181

12 80 2 12 1 0 1 2 0 0
0 374 24 28 6 0 18 22 0 0
0 203 10 23 2 1 18 13 5 0
0 158 21 33 13 4 17 22 6 0
0 107 16 24 9 2 30 31 2 0
0 55 21 25 15 7 34 28 0 0
0 51 5 24 14 2 73 93 0 0
0 29 9 16 7 6 48 149 14 0
0 11 2 3 1 0 7 57 22 0
0 0 0 0 0 0 0 1 0 0

