Accuracy: 0.46388606307222785
              precision    recall  f1-score   support

           0       0.54      0.86      0.66       458
           1       0.14      0.16      0.15       108
           2       0.00      0.00      0.00        66
           3       0.00      0.00      0.00        67
           4       0.00      0.00      0.00        64
           5       0.00      0.00      0.00        44
           6       0.25      0.06      0.09        69
           7       0.40      0.42      0.41        83
           8       0.86      0.26      0.40        23
           9       0.00      0.00      0.00         1

    accuracy                           0.46       983
   macro avg       0.22      0.18      0.17       983
weighted avg       0.34      0.46      0.37       983

394 59 1 2 0 0 1 1 0 0
85 17 0 2 0 0 1 3 0 0
45 15 0 3 0 0 0 3 0 0
43 14 0 0 0 0 4 6 0 0
50 6 0 1 0 0 3 4 0 0
33 6 0 2 0 0 0 3 0 0
39 7 0 0 0 0 4 19 0 0
42 1 0 1 0 0 3 35 1 0
3 0 0 0 0 0 0 14 6 0
1 0 0 0 0 0 0 0 0 0

