Accuracy: 0.2721417069243156
              precision    recall  f1-score   support

           0       0.31      0.54      0.39        81
           1       0.23      0.55      0.33       120
           2       0.10      0.01      0.02        74
           3       0.17      0.02      0.04        82
           4       0.33      0.02      0.03        58
           5       0.00      0.00      0.00        47
           6       0.20      0.15      0.17        62
           7       0.35      0.64      0.46        67
           8       1.00      0.10      0.18        30

    accuracy                           0.27       621
   macro avg       0.30      0.23      0.18       621
weighted avg       0.26      0.27      0.20       621

44 32 0 0 0 0 2 3 0 0
43 66 1 0 0 0 3 7 0 0
21 44 1 0 0 0 2 6 0 0
15 53 2 2 1 0 3 6 0 0
10 28 4 2 1 0 8 5 0 0
6 29 1 1 0 0 5 5 0 0
4 19 1 3 1 1 9 24 0 0
0 9 0 3 0 0 12 43 0 0
0 3 0 1 0 0 0 23 3 0
0 0 0 0 0 0 0 0 0 0

