Accuracy: 0.35573899371069184
              precision    recall  f1-score   support

           0       0.51      0.71      0.59       441
           1       0.30      0.54      0.39       446
           2       0.14      0.03      0.05       292
           3       0.19      0.13      0.15       303
           4       0.18      0.07      0.10       241
           5       0.09      0.02      0.03       194
           6       0.28      0.40      0.33       216
           7       0.44      0.57      0.49       300
           8       0.59      0.23      0.34       111

    accuracy                           0.36      2544
   macro avg       0.30      0.30      0.27      2544
weighted avg       0.30      0.36      0.31      2544

313 107 2 6 1 6 5 1 0 0
136 241 3 33 7 2 13 11 0 0
68 144 8 26 9 4 19 10 4 0
44 132 21 39 19 3 19 19 7 0
35 79 6 42 17 5 34 22 1 0
8 48 8 29 16 3 52 30 0 0
4 25 3 11 14 3 86 70 0 0
6 14 6 17 8 8 63 172 6 0
0 7 1 2 2 1 12 60 26 0
0 0 0 0 0 0 0 0 0 0

