Accuracy: 0.32451678535096645
              precision    recall  f1-score   support

           0       0.33      0.01      0.01       190
           1       0.72      0.56      0.63       417
           2       0.04      0.14      0.07        65
           3       0.14      0.36      0.20        64
           4       0.00      0.00      0.00        65
           5       0.10      0.18      0.13        45
           6       0.44      0.06      0.10        70
           7       0.32      0.62      0.42        66
           8       0.00      0.00      0.00         1

    accuracy                           0.32       983
   macro avg       0.23      0.21      0.17       983
weighted avg       0.44      0.32      0.33       983

