Accuracy: 0.49542217700915564
              precision    recall  f1-score   support

           0       0.50      1.00      0.66       462
           1       0.00      0.00      0.00       112
           2       0.00      0.00      0.00        58
           3       0.00      0.00      0.00        77
           4       0.00      0.00      0.00        51
           5       0.00      0.00      0.00        52
           6       0.00      0.00      0.00        62
           7       0.49      0.33      0.40        75
           8       0.00      0.00      0.00        34

    accuracy                           0.50       983
   macro avg       0.11      0.15      0.12       983
weighted avg       0.27      0.50      0.34       983

