Accuracy: 0.3452544704264099
              precision    recall  f1-score   support

           0       1.00      0.04      0.09        89
           1       0.37      0.81      0.51       455
           2       0.16      0.06      0.08       294
           3       0.19      0.13      0.15       284
           4       0.18      0.07      0.11       229
           5       0.28      0.07      0.11       183
           6       0.32      0.31      0.31       247
           7       0.44      0.63      0.52       293
           8       0.49      0.34      0.40       105
           9       0.00      0.00      0.00         2

    accuracy                           0.35      2181
   macro avg       0.34      0.25      0.23      2181
weighted avg       0.32      0.35      0.28      2181

4 76 1 2 1 0 2 3 0 0
0 369 23 20 10 2 15 16 0 0
0 196 17 29 8 6 17 15 6 0
0 151 25 37 15 9 15 21 11 0
0 103 17 34 17 5 22 27 4 0
0 54 14 25 17 12 39 22 0 0
0 36 6 29 11 6 76 82 1 0
0 15 3 9 13 3 49 185 16 0
0 3 2 10 1 0 4 49 36 0
0 0 0 0 0 0 0 2 0 0

