Accuracy: 0.4669379450661241
              precision    recall  f1-score   support

           0       0.25      0.01      0.01       179
           1       0.46      1.00      0.63       416
           2       0.00      0.00      0.00        80
           3       0.00      0.00      0.00        74
           4       0.00      0.00      0.00        57
           5       0.00      0.00      0.00        34
           6       0.39      0.17      0.24        76
           7       0.58      0.46      0.52        67

    accuracy                           0.47       983
   macro avg       0.21      0.20      0.17       983
weighted avg       0.31      0.47      0.32       983

