Accuracy: 0.4404883011190234
              precision    recall  f1-score   support

           0       0.00      0.00      0.00       181
           1       0.44      1.00      0.61       433
           2       0.00      0.00      0.00        80
           3       0.00      0.00      0.00        51
           4       0.00      0.00      0.00        57
           5       0.00      0.00      0.00        43
           6       0.00      0.00      0.00        73
           7       0.00      0.00      0.00        64
           8       0.00      0.00      0.00         1

    accuracy                           0.44       983
   macro avg       0.05      0.11      0.07       983
weighted avg       0.19      0.44      0.27       983

Accuracy: 0.4170905391658189
              precision    recall  f1-score   support

           0       0.00      0.00      0.00       187
           1       0.42      1.00      0.59       411
           2       0.00      0.00      0.00        76
           3       0.00      0.00      0.00        65
           4       0.00      0.00      0.00        54
           5       0.00      0.00      0.00        45
           6       0.00      0.00      0.00        72
           7       0.00      0.00      0.00        72
           8       0.00      0.00      0.00         1

    accuracy                           0.42       983
   macro avg       0.05      0.11      0.07       983
weighted avg       0.17      0.42      0.25       983

Accuracy: 0.4506612410986775
              precision    recall  f1-score   support

           0       0.00      0.00      0.00       191
           1       0.45      1.00      0.62       443
           2       0.00      0.00      0.00        78
           3       0.00      0.00      0.00        71
           4       0.00      0.00      0.00        46
           5       0.00      0.00      0.00        35
           6       0.00      0.00      0.00        63
           7       0.00      0.00      0.00        54
           8       0.00      0.00      0.00         2

    accuracy                           0.45       983
   macro avg       0.05      0.11      0.07       983
weighted avg       0.20      0.45      0.28       983

Accuracy: 0.43641912512716174
              precision    recall  f1-score   support

           0       0.00      0.00      0.00       175
           1       0.44      1.00      0.61       429
           2       0.00      0.00      0.00        82
           3       0.00      0.00      0.00        55
           4       0.00      0.00      0.00        78
           5       0.00      0.00      0.00        31
           6       0.00      0.00      0.00        77
           7       0.00      0.00      0.00        56

    accuracy                           0.44       983
   macro avg       0.05      0.12      0.08       983
weighted avg       0.19      0.44      0.27       983

