Accuracy: 0.47100712105798576
              precision    recall  f1-score   support

           0       0.00      0.00      0.00       203
           1       0.47      1.00      0.64       409
           2       0.00      0.00      0.00        75
           3       0.00      0.00      0.00        50
           4       0.00      0.00      0.00        64
           5       0.00      0.00      0.00        43
           6       0.39      0.26      0.31        72
           7       0.60      0.53      0.56        66
           8       0.00      0.00      0.00         1

    accuracy                           0.47       983
   macro avg       0.16      0.20      0.17       983
weighted avg       0.26      0.47      0.33       983

