Accuracy: 0.3367243133265514
              precision    recall  f1-score   support

           0       0.00      0.00      0.00       201
           1       0.70      0.54      0.61       435
           2       0.06      0.18      0.09        72
           3       0.12      0.35      0.18        54
           4       0.00      0.00      0.00        45
           5       0.08      0.11      0.09        47
           6       0.31      0.73      0.43        81
           7       0.00      0.00      0.00        46
           8       0.00      0.00      0.00         2

    accuracy                           0.34       983
   macro avg       0.14      0.21      0.16       983
weighted avg       0.35      0.34      0.33       983

