Accuracy: 0.3420449335167354
              precision    recall  f1-score   support

           0       1.00      0.10      0.18       109
           1       0.33      0.80      0.47       429
           2       0.16      0.03      0.05       301
           3       0.24      0.17      0.20       295
           4       0.17      0.06      0.09       225
           5       0.18      0.04      0.07       168
           6       0.35      0.41      0.38       239
           7       0.42      0.60      0.49       304
           8       0.78      0.29      0.42       111

    accuracy                           0.34      2181
   macro avg       0.40      0.28      0.26      2181
weighted avg       0.34      0.34      0.28      2181

11 85 1 2 2 1 3 4 0 0
0 344 9 33 7 3 10 23 0 0
0 220 10 31 6 4 13 16 1 0
0 176 13 50 15 6 7 25 3 0
0 105 12 36 14 6 22 29 1 0
0 51 9 32 13 7 38 18 0 0
0 28 1 14 16 5 97 78 0 0
0 16 5 11 5 6 76 181 4 0
0 3 3 0 2 0 12 59 32 0
0 0 0 0 0 0 0 0 0 0

