Accuracy: 0.3352987421383648
              precision    recall  f1-score   support

           0       0.46      0.61      0.53       467
           1       0.28      0.54      0.37       441
           2       0.06      0.01      0.02       267
           3       0.16      0.10      0.12       291
           4       0.26      0.09      0.13       225
           5       0.22      0.01      0.02       198
           6       0.33      0.31      0.32       265
           7       0.38      0.61      0.47       288
           8       0.43      0.18      0.25       101
           9       0.00      0.00      0.00         1

    accuracy                           0.34      2544
   macro avg       0.26      0.25      0.22      2544
weighted avg       0.29      0.34      0.29      2544

286 141 8 12 5 0 4 11 0 0
139 236 11 25 3 0 7 20 0 0
70 131 4 16 8 2 18 11 7 0
49 134 15 29 7 2 22 23 10 0
36 72 7 30 20 0 22 34 4 0
16 56 13 20 11 2 44 36 0 0
15 35 4 28 11 0 83 89 0 0
4 29 3 15 10 3 46 175 3 0
1 6 0 4 1 0 8 63 18 0
0 0 0 0 0 0 0 1 0 0

