Accuracy: 0.3374598807886291
              precision    recall  f1-score   support

           0       1.00      0.10      0.19        98
           1       0.35      0.88      0.50       445
           2       0.11      0.02      0.03       310
           3       0.17      0.13      0.14       278
           4       0.34      0.06      0.11       257
           5       0.29      0.04      0.07       169
           6       0.31      0.29      0.30       247
           7       0.41      0.61      0.49       283
           8       0.51      0.27      0.35        94

    accuracy                           0.34      2181
   macro avg       0.39      0.27      0.24      2181
weighted avg       0.32      0.34      0.26      2181

10 75 3 4 2 1 1 2 0 0
0 393 5 20 2 0 8 17 0 0
0 229 6 28 6 5 15 17 4 0
0 170 13 35 5 3 22 20 10 0
0 124 8 47 16 4 29 25 4 0
0 57 11 29 6 7 28 31 0 0
0 55 4 24 4 2 71 85 2 0
0 30 3 15 4 2 52 173 4 0
0 2 4 5 2 0 4 52 25 0
0 0 0 0 0 0 0 0 0 0

