Accuracy: 0.4872838250254323
              precision    recall  f1-score   support

           0       0.33      0.01      0.01       181
           1       0.49      0.99      0.66       430
           2       0.00      0.00      0.00        74
           3       0.00      0.00      0.00        63
           4       0.00      0.00      0.00        57
           5       0.00      0.00      0.00        42
           6       0.37      0.24      0.29        75
           7       0.52      0.54      0.53        61

    accuracy                           0.49       983
   macro avg       0.21      0.22      0.19       983
weighted avg       0.34      0.49      0.34       983

