Accuracy: 0.42828077314343843
              precision    recall  f1-score   support

           0       0.62      0.69      0.66       472
           1       0.16      0.42      0.23       106
           2       0.00      0.00      0.00        90
           3       0.09      0.03      0.05        60
           4       0.00      0.00      0.00        63
           5       0.00      0.00      0.00        44
           6       0.09      0.08      0.08        50
           7       0.38      0.51      0.44        76
           8       1.00      0.18      0.31        22

    accuracy                           0.43       983
   macro avg       0.26      0.21      0.20       983
weighted avg       0.38      0.43      0.39       983

