Accuracy: 0.4587995930824008
              precision    recall  f1-score   support

           0       0.00      0.00      0.00       194
           1       0.46      1.00      0.62       403
           2       0.00      0.00      0.00        81
           3       0.00      0.00      0.00        63
           4       0.00      0.00      0.00        52
           5       0.00      0.00      0.00        40
           6       0.50      0.26      0.34        88
           7       0.49      0.44      0.47        61
           8       0.00      0.00      0.00         1

    accuracy                           0.46       983
   macro avg       0.16      0.19      0.16       983
weighted avg       0.26      0.46      0.32       983

