Accuracy: 0.46668362156663273
              precision    recall  f1-score   support

           0       0.80      0.69      0.74      1886
           1       0.20      0.33      0.25       443
           2       0.12      0.11      0.11       256
           3       0.17      0.14      0.15       295
           4       0.12      0.11      0.11       222
           5       0.17      0.09      0.12       177
           6       0.30      0.30      0.30       249
           7       0.38      0.57      0.46       296
           8       0.44      0.28      0.34       107
           9       0.00      0.00      0.00         1

    accuracy                           0.47      3932
   macro avg       0.27      0.26      0.26      3932
weighted avg       0.50      0.47      0.48      3932

1304 383 58 56 41 11 11 22 0 0
143 147 42 47 20 10 12 22 0 0
73 69 29 28 16 11 16 8 6 0
50 64 46 42 29 9 18 20 17 0
35 29 23 39 24 14 25 29 4 0
13 31 28 9 17 16 33 30 0 0
4 14 16 14 29 14 75 83 0 0
2 6 7 16 25 10 51 168 11 0
0 1 3 3 3 0 13 54 30 0
0 0 0 0 0 0 0 1 0 0

