Accuracy: 0.3936927772126144
              precision    recall  f1-score   support

           0       0.62      0.60      0.61       499
           1       0.15      0.49      0.22       106
           2       0.25      0.01      0.03        69
           3       0.06      0.01      0.02        68
           4       0.00      0.00      0.00        62
           5       0.00      0.00      0.00        45
           6       0.00      0.00      0.00        47
           7       0.34      0.54      0.41        63
           8       1.00      0.08      0.15        24

    accuracy                           0.39       983
   macro avg       0.27      0.19      0.16       983
weighted avg       0.40      0.39      0.37       983

