Accuracy: 0.31841302136317395
              precision    recall  f1-score   support

           0       0.25      0.61      0.36       160
           1       0.81      0.29      0.43       435
           2       0.10      0.15      0.12        75
           3       0.12      0.13      0.12        76
           4       0.17      0.10      0.12        63
           5       0.20      0.05      0.08        41
           6       0.25      0.43      0.31        68
           7       0.40      0.45      0.43        64
           8       0.00      0.00      0.00         1

    accuracy                           0.32       983
   macro avg       0.25      0.25      0.22       983
weighted avg       0.48      0.32      0.33       983

