Accuracy: 0.3916581892166836
              precision    recall  f1-score   support

           0       0.30      0.39      0.34       176
           1       0.73      0.56      0.64       425
           2       0.00      0.00      0.00        75
           3       0.14      0.33      0.20        78
           4       0.00      0.00      0.00        46
           5       0.10      0.14      0.11        37
           6       0.33      0.55      0.41        84
           7       0.03      0.02      0.02        62
           8       0.00      0.00      0.00         0

    accuracy                           0.39       983
   macro avg       0.18      0.22      0.19       983
weighted avg       0.42      0.39      0.39       983

