Accuracy: 0.26551373346897256
              precision    recall  f1-score   support

           0       0.36      0.15      0.21       183
           1       0.49      0.49      0.49       394
           2       0.03      0.01      0.02        86
           3       0.50      0.03      0.06        67
           4       0.18      0.22      0.20        58
           5       0.06      0.29      0.10        41
           6       0.13      0.08      0.10        75
           7       0.09      0.06      0.07        78
           8       0.00      0.00      0.00         1

    accuracy                           0.27       983
   macro avg       0.20      0.15      0.14       983
weighted avg       0.33      0.27      0.27       983

