Accuracy: 0.47711088504577825
              precision    recall  f1-score   support

           0       0.25      0.01      0.01       183
           1       0.48      0.99      0.64       434
           2       0.00      0.00      0.00        74
           3       0.00      0.00      0.00        61
           4       0.00      0.00      0.00        56
           5       0.00      0.00      0.00        44
           6       0.42      0.22      0.29        64
           7       0.56      0.36      0.44        66
           8       0.00      0.00      0.00         1

    accuracy                           0.48       983
   macro avg       0.19      0.18      0.15       983
weighted avg       0.32      0.48      0.33       983

Accuracy: 0.46795523906408953
              precision    recall  f1-score   support

           0       0.00      0.00      0.00       201
           1       0.46      0.99      0.63       416
           2       0.00      0.00      0.00        80
           3       0.00      0.00      0.00        65
           4       0.00      0.00      0.00        41
           5       0.00      0.00      0.00        42
           6       0.50      0.21      0.29        78
           7       0.54      0.55      0.55        60

    accuracy                           0.47       983
   macro avg       0.19      0.22      0.18       983
weighted avg       0.27      0.47      0.32       983

