Accuracy: 0.43438453713123093
              precision    recall  f1-score   support

           0       0.52      0.82      0.64       459
           1       0.11      0.12      0.11       109
           2       0.00      0.00      0.00        84
           3       0.06      0.02      0.02        64
           4       0.00      0.00      0.00        50
           5       0.00      0.00      0.00        50
           6       0.09      0.02      0.03        64
           7       0.30      0.48      0.37        71
           8       1.00      0.09      0.17        32

    accuracy                           0.43       983
   macro avg       0.23      0.17      0.15       983
weighted avg       0.32      0.43      0.35       983

