Accuracy: 0.4140386571719227
              precision    recall  f1-score   support

           0       0.57      0.72      0.64       451
           1       0.14      0.32      0.20       114
           2       0.00      0.00      0.00        74
           3       0.10      0.02      0.04        81
           4       0.00      0.00      0.00        51
           5       0.00      0.00      0.00        45
           6       0.12      0.06      0.08        54
           7       0.34      0.51      0.41        79
           8       1.00      0.06      0.11        34

    accuracy                           0.41       983
   macro avg       0.25      0.19      0.16       983
weighted avg       0.36      0.41      0.36       983

