Accuracy: 0.4577822990844354
              precision    recall  f1-score   support

           0       0.25      0.01      0.01       191
           1       0.46      0.99      0.63       412
           2       0.00      0.00      0.00        79
           3       0.00      0.00      0.00        62
           4       0.00      0.00      0.00        52
           5       0.00      0.00      0.00        47
           6       0.39      0.16      0.22        76
           7       0.52      0.45      0.48        62
           8       0.00      0.00      0.00         2

    accuracy                           0.46       983
   macro avg       0.18      0.18      0.15       983
weighted avg       0.30      0.46      0.31       983

