Accuracy: 0.3113207547169811
              precision    recall  f1-score   support

           0       0.47      0.62      0.54       459
           1       0.24      0.68      0.35       438
           2       0.00      0.00      0.00       285
           3       0.11      0.02      0.03       273
           4       0.20      0.00      0.01       236
           5       0.00      0.00      0.00       184
           6       0.29      0.15      0.20       265
           7       0.33      0.54      0.41       304
           8       0.11      0.01      0.02       100

    accuracy                           0.31      2544
   macro avg       0.19      0.22      0.17      2544
weighted avg       0.23      0.31      0.23      2544

283 157 0 3 0 0 4 12 0 0
105 298 0 5 0 0 6 24 0 0
57 187 0 6 0 0 8 26 1 0
49 181 0 5 1 0 9 22 6 0
41 141 1 5 1 0 11 35 1 0
21 106 0 3 1 0 21 32 0 0
23 91 0 9 1 0 41 100 0 0
14 78 1 8 1 0 39 163 0 0
4 8 0 2 0 0 4 81 1 0
0 0 0 0 0 0 0 0 0 0

