Accuracy: 0.35910478128179046
              precision    recall  f1-score   support

           0       0.65      0.55      0.59       464
           1       0.11      0.46      0.17       102
           2       0.00      0.00      0.00        88
           3       0.00      0.00      0.00        70
           4       0.00      0.00      0.00        53
           5       0.00      0.00      0.00        47
           6       0.21      0.09      0.12        57
           7       0.38      0.62      0.48        72
           8       1.00      0.07      0.12        30

    accuracy                           0.36       983
   macro avg       0.26      0.20      0.17       983
weighted avg       0.39      0.36      0.34       983

