Accuracy: 0.5208545269582909
              precision    recall  f1-score   support

           0       0.51      1.00      0.68       477
           1       0.00      0.00      0.00       108
           2       0.00      0.00      0.00        81
           3       0.00      0.00      0.00        68
           4       0.00      0.00      0.00        58
           5       0.00      0.00      0.00        34
           6       0.00      0.00      0.00        62
           7       0.71      0.49      0.58        72
           8       0.00      0.00      0.00        22
           9       0.00      0.00      0.00         1

    accuracy                           0.52       983
   macro avg       0.12      0.15      0.13       983
weighted avg       0.30      0.52      0.37       983

