Accuracy: 0.21770091556459817
              precision    recall  f1-score   support

           0       0.12      0.01      0.02       204
           1       0.58      0.40      0.47       416
           2       0.08      0.10      0.09        70
           3       0.06      0.03      0.04        74
           4       0.05      0.09      0.07        44
           5       0.12      0.03      0.04        40
           6       0.09      0.48      0.15        66
           7       0.00      0.00      0.00        69
           8       0.00      0.00      0.00         0

    accuracy                           0.22       983
   macro avg       0.12      0.13      0.10       983
weighted avg       0.30      0.22      0.23       983

