Accuracy: 0.3671497584541063
              precision    recall  f1-score   support

           0       0.69      0.43      0.53       116
           1       0.29      0.87      0.43       124
           2       0.00      0.00      0.00        73
           3       0.14      0.02      0.03        61
           4       0.00      0.00      0.00        50
           5       0.00      0.00      0.00        37
           6       0.34      0.25      0.29        53
           7       0.43      0.70      0.53        76
           8       1.00      0.10      0.18        31

    accuracy                           0.37       621
   macro avg       0.32      0.26      0.22       621
weighted avg       0.33      0.37      0.29       621

50 64 0 0 0 0 0 2 0 0
9 108 0 0 0 0 2 5 0 0
4 56 0 0 0 0 4 9 0 0
1 55 0 1 0 0 3 1 0 0
3 38 0 1 0 0 2 6 0 0
1 23 0 2 1 0 3 7 0 0
3 19 0 1 1 0 13 16 0 0
1 10 0 2 0 0 10 53 0 0
0 3 0 0 0 0 1 24 3 0
0 0 0 0 0 0 0 0 0 0

