Accuracy: 0.32451678535096645
              precision    recall  f1-score   support

           0       0.00      0.00      0.00       182
           1       0.70      0.55      0.62       426
           2       0.06      0.17      0.09        70
           3       0.10      0.34      0.16        61
           4       0.00      0.00      0.00        60
           5       0.17      0.12      0.14        43
           6       0.28      0.64      0.39        74
           7       0.00      0.00      0.00        67
           8       0.00      0.00      0.00         0

    accuracy                           0.32       983
   macro avg       0.15      0.20      0.15       983
weighted avg       0.34      0.32      0.32       983

