Accuracy: 0.43947100712105797
              precision    recall  f1-score   support

           0       0.00      0.00      0.00       202
           1       0.44      1.00      0.61       432
           2       0.00      0.00      0.00        64
           3       0.00      0.00      0.00        58
           4       0.00      0.00      0.00        56
           5       0.00      0.00      0.00        40
           6       0.00      0.00      0.00        70
           7       0.00      0.00      0.00        58
           8       0.00      0.00      0.00         3

    accuracy                           0.44       983
   macro avg       0.05      0.11      0.07       983
weighted avg       0.19      0.44      0.27       983

