Accuracy: 0.47202441505595116
              precision    recall  f1-score   support

           0       0.60      0.80      0.69       461
           1       0.14      0.20      0.16       111
           2       0.12      0.03      0.04        79
           3       0.12      0.06      0.08        72
           4       0.12      0.02      0.03        60
           5       1.00      0.02      0.05        42
           6       0.39      0.19      0.26        67
           7       0.42      0.62      0.50        71
           8       0.89      0.42      0.57        19
           9       0.00      0.00      0.00         1

    accuracy                           0.47       983
   macro avg       0.38      0.24      0.24       983
weighted avg       0.44      0.47      0.42       983

