Accuracy: 0.054933875890132246
              precision    recall  f1-score   support

           0       0.25      0.17      0.20       178
           1       0.00      0.00      0.00       435
           2       0.00      0.00      0.00        77
           3       0.00      0.00      0.00        65
           4       0.00      0.00      0.00        46
           5       0.08      0.43      0.14        44
           6       0.06      0.05      0.05        63
           7       0.06      0.01      0.02        74
           8       0.00      1.00      0.00         1

    accuracy                           0.05       983
   macro avg       0.05      0.18      0.05       983
weighted avg       0.06      0.05      0.05       983

Accuracy: 0.038657171922685654
              precision    recall  f1-score   support

           0       0.33      0.02      0.03       195
           1       0.00      0.00      0.00       398
           2       0.00      0.00      0.00        78
           3       0.00      0.00      0.00        77
           4       0.00      0.00      0.00        49
           5       0.00      0.00      0.00        46
           6       0.00      0.00      0.00        68
           7       0.10      0.49      0.17        72
           8       0.00      0.00      0.00         0

    accuracy                           0.04       983
   macro avg       0.05      0.06      0.02       983
weighted avg       0.07      0.04      0.02       983

