Accuracy: 0.474059003051882
              precision    recall  f1-score   support

           0       0.00      0.00      0.00       186
           1       0.47      0.99      0.64       423
           2       0.00      0.00      0.00        70
           3       0.00      0.00      0.00        70
           4       0.00      0.00      0.00        60
           5       0.00      0.00      0.00        31
           6       0.44      0.26      0.33        78
           7       0.58      0.45      0.51        64
           8       0.00      0.00      0.00         1

    accuracy                           0.47       983
   macro avg       0.17      0.19      0.16       983
weighted avg       0.28      0.47      0.33       983

