Accuracy: 0.5412004069175992
              precision    recall  f1-score   support

           0       0.25      0.01      0.01       172
           1       0.55      0.99      0.71       451
           2       0.00      0.00      0.00        56
           3       0.00      0.00      0.00        68
           4       0.00      0.00      0.00        55
           5       0.00      0.00      0.00        37
           6       0.38      0.56      0.45        72
           7       0.68      0.62      0.65        72

    accuracy                           0.54       983
   macro avg       0.23      0.27      0.23       983
weighted avg       0.38      0.54      0.41       983

Accuracy: 0.5523906408952187
              precision    recall  f1-score   support

           0       0.57      1.00      0.73       457
           1       0.80      0.03      0.06       119
           2       0.50      0.03      0.05        72
           3       0.60      0.04      0.08        70
           4       0.00      0.00      0.00        63
           5       0.00      0.00      0.00        42
           6       0.37      0.39      0.38        56
           7       0.47      0.63      0.54        79
           8       0.78      0.28      0.41        25

    accuracy                           0.55       983
   macro avg       0.45      0.27      0.25       983
weighted avg       0.52      0.55      0.43       983

Accuracy: 0.47812817904374366
              precision    recall  f1-score   support

           0       0.47      1.00      0.64       441
           1       0.00      0.00      0.00       103
           2       0.00      0.00      0.00        73
           3       0.00      0.00      0.00        91
           4       0.00      0.00      0.00        64
           5       0.00      0.00      0.00        39
           6       0.00      0.00      0.00        60
           7       0.59      0.37      0.46        78
           8       0.00      0.00      0.00        34

    accuracy                           0.48       983
   macro avg       0.12      0.15      0.12       983
weighted avg       0.26      0.48      0.32       983

