Accuracy: 0.43845371312309256
              precision    recall  f1-score   support

           0       0.00      0.00      0.00       166
           1       0.44      1.00      0.61       431
           2       0.00      0.00      0.00        75
           3       0.00      0.00      0.00        60
           4       0.00      0.00      0.00        55
           5       0.00      0.00      0.00        47
           6       0.00      0.00      0.00        76
           7       0.00      0.00      0.00        73

    accuracy                           0.44       983
   macro avg       0.05      0.12      0.08       983
weighted avg       0.19      0.44      0.27       983

