Accuracy: 0.4811800610376399
              precision    recall  f1-score   support

           0       0.75      0.02      0.03       193
           1       0.48      1.00      0.64       426
           2       0.00      0.00      0.00        73
           3       0.00      0.00      0.00        62
           4       0.00      0.00      0.00        49
           5       0.00      0.00      0.00        43
           6       0.33      0.17      0.23        70
           7       0.65      0.49      0.56        67

    accuracy                           0.48       983
   macro avg       0.28      0.21      0.18       983
weighted avg       0.42      0.48      0.34       983

