Accuracy: 0.3611393692777213
              precision    recall  f1-score   support

           0       0.69      0.52      0.59       486
           1       0.13      0.57      0.21       100
           2       0.00      0.00      0.00        71
           3       0.11      0.07      0.08        61
           4       0.00      0.00      0.00        56
           5       0.00      0.00      0.00        42
           6       0.12      0.03      0.05        58
           7       0.30      0.51      0.38        73
           8       0.00      0.00      0.00        36

    accuracy                           0.36       983
   macro avg       0.15      0.19      0.15       983
weighted avg       0.39      0.36      0.35       983

