Accuracy: 0.2726347914547304
              precision    recall  f1-score   support

           0       0.33      0.15      0.20       182
           1       0.51      0.46      0.48       422
           2       0.05      0.03      0.04        70
           3       0.00      0.00      0.00        67
           4       0.12      0.18      0.15        55
           5       0.09      0.08      0.08        39
           6       0.00      0.00      0.00        83
           7       0.13      0.48      0.21        65
           8       0.00      0.00      0.00         0

    accuracy                           0.27       983
   macro avg       0.14      0.15      0.13       983
weighted avg       0.30      0.27      0.27       983

