Accuracy: 0.5404374364191251
              precision    recall  f1-score   support

           0       0.59      0.98      0.74      1851
           1       0.00      0.00      0.00       417
           2       0.17      0.00      0.01       294
           3       0.31      0.04      0.07       298
           4       0.22      0.03      0.06       230
           5       0.19      0.04      0.07       183
           6       0.28      0.30      0.29       233
           7       0.44      0.56      0.49       316
           8       0.46      0.28      0.35       110

    accuracy                           0.54      3932
   macro avg       0.29      0.25      0.23      3932
weighted avg       0.40      0.54      0.43      3932

1817 0 0 3 3 6 11 10 1 0
387 0 0 2 2 3 8 15 0 0
252 0 1 3 3 4 16 9 6 0
230 3 0 12 6 6 19 16 6 0
155 0 2 5 8 3 30 23 4 0
99 0 2 8 8 8 34 24 0 0
71 1 0 4 2 7 70 76 2 0
55 2 0 2 4 6 52 178 17 0
14 0 1 0 0 0 9 55 31 0
0 0 0 0 0 0 0 0 0 0

