Accuracy: 0.2741861531407611
              precision    recall  f1-score   support

           0       1.00      0.02      0.04       110
           1       0.27      0.91      0.41       439
           2       0.00      0.00      0.00       286
           3       0.07      0.01      0.01       299
           4       1.00      0.01      0.02       222
           5       0.00      0.00      0.00       175
           6       0.23      0.16      0.19       239
           7       0.33      0.52      0.41       296
           8       0.00      0.00      0.00       114
           9       0.00      0.00      0.00         1

    accuracy                           0.27      2181
   macro avg       0.29      0.16      0.11      2181
weighted avg       0.29      0.27      0.16      2181

2 100 0 1 0 0 4 3 0 0
0 399 0 4 0 0 8 28 0 0
0 249 0 3 0 0 11 20 3 0
0 247 0 2 0 0 12 30 8 0
0 162 1 8 2 0 13 34 2 0
0 122 1 3 0 0 24 25 0 0
0 115 1 3 0 0 38 82 0 0
0 90 2 5 0 0 42 155 2 0
0 13 0 0 0 0 13 88 0 0
0 0 0 0 0 0 0 1 0 0

