Accuracy: 0.49974567650050866
              precision    recall  f1-score   support

           0       0.51      0.99      0.68      1859
           1       0.00      0.00      0.00       429
           2       0.00      0.00      0.00       306
           3       0.00      0.00      0.00       264
           4       0.00      0.00      0.00       209
           5       0.00      0.00      0.00       195
           6       0.40      0.02      0.04       266
           7       0.37      0.37      0.37       302
           8       0.00      0.00      0.00       100
           9       0.00      0.00      0.00         2

    accuracy                           0.50      3932
   macro avg       0.13      0.14      0.11      3932
weighted avg       0.30      0.50      0.35      3932

1848 0 0 0 0 0 0 11 0 0
420 0 0 0 0 0 0 9 0 0
290 0 0 0 0 0 0 15 1 0
247 0 0 0 0 0 0 12 5 0
198 0 0 0 0 0 1 9 1 0
179 0 0 0 0 0 2 14 0 0
200 0 0 0 0 0 6 60 0 0
185 0 0 0 0 0 6 111 0 0
41 0 0 0 0 0 0 59 0 0
2 0 0 0 0 0 0 0 0 0

