Accuracy: 0.5167853509664293
              precision    recall  f1-score   support

           0       0.54      1.00      0.70       460
           1       1.00      0.01      0.02       113
           2       0.00      0.00      0.00        74
           3       0.00      0.00      0.00        75
           4       0.00      0.00      0.00        54
           5       0.00      0.00      0.00        43
           6       0.57      0.10      0.17        78
           7       0.32      0.58      0.41        64
           8       1.00      0.14      0.25        21
           9       0.00      0.00      0.00         1

    accuracy                           0.52       983
   macro avg       0.34      0.18      0.16       983
weighted avg       0.46      0.52      0.38       983

459 0 0 0 0 0 0 1 0 0
109 1 0 0 0 0 1 2 0 0
67 0 0 0 0 0 0 7 0 0
66 0 0 0 0 0 1 8 0 0
49 0 0 0 0 0 1 4 0 0
33 0 0 0 0 0 0 10 0 0
40 0 0 0 0 0 8 30 0 0
24 0 0 0 0 0 3 37 0 0
2 0 0 0 0 0 0 16 3 0
0 0 0 0 0 0 0 1 0 0

