Accuracy: 0.30490600641907384
              precision    recall  f1-score   support

           0       1.00      0.04      0.07       106
           1       0.29      0.88      0.44       438
           2       0.00      0.00      0.00       310
           3       0.24      0.07      0.11       297
           4       0.00      0.00      0.00       232
           5       0.33      0.01      0.01       181
           6       0.30      0.32      0.31       239
           7       0.35      0.61      0.45       274
           8       0.44      0.12      0.18       103
           9       0.00      0.00      0.00         1

    accuracy                           0.30      2181
   macro avg       0.30      0.20      0.16      2181
weighted avg       0.27      0.30      0.21      2181

4 95 0 1 2 0 3 1 0 0
0 386 6 8 1 0 11 26 0 0
0 253 0 13 2 1 10 25 6 0
0 220 1 20 1 0 22 27 6 0
0 136 0 19 0 0 31 43 3 0
0 98 1 5 7 1 36 33 0 0
0 82 1 5 2 1 76 72 0 0
0 42 0 11 2 0 53 166 0 0
0 6 0 0 0 0 8 77 12 0
0 0 0 0 0 0 0 1 0 0

