Accuracy: 0.538911495422177
              precision    recall  f1-score   support

           0       0.58      0.98      0.73      1912
           1       0.00      0.00      0.00       421
           2       0.00      0.00      0.00       290
           3       0.17      0.00      0.01       286
           4       0.20      0.00      0.01       222
           5       0.55      0.04      0.07       166
           6       0.35      0.27      0.31       250
           7       0.37      0.58      0.45       280
           8       0.32      0.12      0.17       104
           9       0.00      0.00      0.00         1

    accuracy                           0.54      3932
   macro avg       0.25      0.20      0.17      3932
weighted avg       0.38      0.54      0.41      3932

1868 0 0 0 0 1 12 31 0 0
397 0 0 0 0 0 5 19 0 0
256 0 0 2 0 1 13 9 9 0
238 0 0 1 3 0 19 17 8 0
179 0 0 1 1 0 15 21 5 0
113 0 0 1 0 6 19 27 0 0
100 0 0 0 1 2 68 79 0 0
71 0 0 1 0 1 41 163 3 0
12 0 0 0 0 0 2 78 12 0
0 0 0 0 0 0 0 1 0 0

