Accuracy: 0.49542217700915564
              precision    recall  f1-score   support

           0       0.49      1.00      0.66       467
           1       0.00      0.00      0.00       115
           2       0.00      0.00      0.00        83
           3       0.00      0.00      0.00        72
           4       0.00      0.00      0.00        50
           5       0.00      0.00      0.00        37
           6       0.00      0.00      0.00        53
           7       0.51      0.25      0.34        79
           8       0.00      0.00      0.00        27

    accuracy                           0.50       983
   macro avg       0.11      0.14      0.11       983
weighted avg       0.28      0.50      0.34       983

467 0 0 0 0 0 0 0 0 0
115 0 0 0 0 0 0 0 0 0
83 0 0 0 0 0 0 0 0 0
71 0 0 0 0 0 0 1 0 0
47 0 0 0 0 0 0 3 0 0
36 0 0 0 0 0 0 1 0 0
49 0 0 0 0 0 0 4 0 0
59 0 0 0 0 0 0 20 0 0
17 0 0 0 0 0 0 10 0 0
0 0 0 0 0 0 0 0 0 0

Accuracy: 0.4852492370295015
              precision    recall  f1-score   support

           0       0.48      1.00      0.65       449
           1       0.00      0.00      0.00       122
           2       0.00      0.00      0.00        86
           3       0.00      0.00      0.00        75
           4       0.00      0.00      0.00        50
           5       0.00      0.00      0.00        45
           6       0.00      0.00      0.00        70
           7       0.60      0.42      0.49        67
           8       0.00      0.00      0.00        19

    accuracy                           0.49       983
   macro avg       0.12      0.16      0.13       983
weighted avg       0.26      0.49      0.33       983

449 0 0 0 0 0 0 0 0 0
122 0 0 0 0 0 0 0 0 0
86 0 0 0 0 0 0 0 0 0
73 0 0 0 0 0 0 2 0 0
46 0 0 0 0 0 0 4 0 0
45 0 0 0 0 0 0 0 0 0
65 0 0 0 0 0 0 5 0 0
39 0 0 0 0 0 0 28 0 0
11 0 0 0 0 0 0 8 0 0
0 0 0 0 0 0 0 0 0 0

