Accuracy: 0.34486266531027465
              precision    recall  f1-score   support

           0       0.34      0.36      0.35       194
           1       0.73      0.58      0.64       410
           2       0.00      0.00      0.00        78
           3       0.00      0.00      0.00        71
           4       0.09      0.50      0.16        40
           5       0.10      0.11      0.10        36
           6       0.06      0.01      0.02        89
           7       0.15      0.12      0.14        65
           8       0.00      0.00      0.00         0

    accuracy                           0.34       983
   macro avg       0.16      0.19      0.16       983
weighted avg       0.40      0.34      0.36       983

