Accuracy: 0.34181078331637843
MSE 6.761953204476094
RMSE 2.600375589117098
              precision    recall  f1-score   support

           0       0.66      0.61      0.63       461
           1       0.11      0.44      0.18       109
           2       0.09      0.12      0.10        74
           3       0.00      0.00      0.00        79
           4       0.00      0.00      0.00        49
           5       0.00      0.00      0.00        45
           6       0.00      0.00      0.00        67
           7       0.00      0.00      0.00        75
           8       0.00      0.00      0.00        24

    accuracy                           0.34       983
   macro avg       0.10      0.13      0.10       983
weighted avg       0.33      0.34      0.32       983

Accuracy: 0.34893184130213634
MSE 6.437436419125127
RMSE 2.5372103616226083
              precision    recall  f1-score   support

           0       0.69      0.61      0.65       469
           1       0.11      0.44      0.18       111
           2       0.06      0.08      0.07        79
           3       0.00      0.00      0.00        67
           4       0.00      0.00      0.00        62
           5       0.00      0.00      0.00        30
           6       0.00      0.00      0.00        58
           7       0.00      0.00      0.00        82
           8       0.00      0.00      0.00        25

    accuracy                           0.35       983
   macro avg       0.10      0.13      0.10       983
weighted avg       0.35      0.35      0.34       983

