Accuracy: 0.5249237029501526
              precision    recall  f1-score   support

           0       0.53      1.00      0.70       469
           1       0.00      0.00      0.00       107
           2       0.00      0.00      0.00        68
           3       0.00      0.00      0.00        89
           4       0.00      0.00      0.00        67
           5       0.00      0.00      0.00        43
           6       0.20      0.04      0.07        51
           7       0.46      0.65      0.54        65
           8       1.00      0.12      0.22        24

    accuracy                           0.52       983
   macro avg       0.24      0.20      0.17       983
weighted avg       0.32      0.52      0.38       983

