Accuracy: 0.5300101729399797
              precision    recall  f1-score   support

           0       0.53      1.00      0.70       498
           1       0.00      0.00      0.00        94
           2       0.00      0.00      0.00        72
           3       0.00      0.00      0.00        55
           4       0.00      0.00      0.00        53
           5       0.00      0.00      0.00        41
           6       0.00      0.00      0.00        63
           7       0.47      0.29      0.36        78
           8       0.00      0.00      0.00        29

    accuracy                           0.53       983
   macro avg       0.11      0.14      0.12       983
weighted avg       0.31      0.53      0.38       983

