Accuracy: 0.5635808748728383
              precision    recall  f1-score   support

           0       0.59      1.00      0.74       476
           1       0.21      0.03      0.05       117
           2       0.00      0.00      0.00        78
           3       0.17      0.02      0.03        61
           4       1.00      0.02      0.04        55
           5       0.50      0.03      0.05        38
           6       0.42      0.27      0.33        63
           7       0.45      0.70      0.55        71
           8       0.88      0.29      0.44        24

    accuracy                           0.56       983
   macro avg       0.47      0.26      0.25       983
weighted avg       0.48      0.56      0.44       983

