Accuracy: 0.5391658189216684
              precision    recall  f1-score   support

           0       0.56      1.00      0.72       449
           1       0.43      0.03      0.05       117
           2       0.00      0.00      0.00        63
           3       0.00      0.00      0.00        73
           4       0.00      0.00      0.00        54
           5       0.00      0.00      0.00        49
           6       0.43      0.28      0.34        69
           7       0.42      0.57      0.48        84
           8       0.80      0.48      0.60        25

    accuracy                           0.54       983
   macro avg       0.29      0.26      0.24       983
weighted avg       0.39      0.54      0.41       983

448 0 0 0 0 0 0 1 0 0
110 3 0 0 0 0 1 3 0 0
54 3 0 0 0 0 3 3 0 0
59 0 1 0 0 0 1 12 0 0
49 0 0 0 0 0 0 5 0 0
37 0 1 1 0 0 2 7 1 0
25 1 0 0 1 0 19 23 0 0
16 0 0 0 0 0 18 48 2 0
1 0 0 0 0 0 0 12 12 0
0 0 0 0 0 0 0 0 0 0

Accuracy: 0.5656154628687691
              precision    recall  f1-score   support

           0       0.59      1.00      0.74       482
           1       0.50      0.02      0.04       100
           2       0.00      0.00      0.00        71
           3       0.00      0.00      0.00        67
           4       0.00      0.00      0.00        55
           5       0.00      0.00      0.00        41
           6       0.47      0.25      0.32        69
           7       0.40      0.68      0.50        69
           8       1.00      0.31      0.47        29

    accuracy                           0.57       983
   macro avg       0.33      0.25      0.23       983
weighted avg       0.43      0.57      0.44       983

481 0 0 0 0 0 0 1 0 0
92 2 0 1 0 0 1 4 0 0
64 2 0 0 0 0 1 4 0 0
62 0 0 0 0 0 1 4 0 0
42 0 0 0 0 0 3 10 0 0
30 0 0 0 0 0 3 8 0 0
29 0 0 1 0 0 17 22 0 0
11 0 0 1 0 0 10 47 0 0
2 0 0 0 0 0 0 18 9 0
0 0 0 0 0 0 0 0 0 0

