Accuracy: 0.1953204476093591
              precision    recall  f1-score   support

           0       0.75      0.29      0.42       465
           1       0.13      0.05      0.08       110
           2       0.14      0.03      0.05        71
           3       0.09      0.16      0.12        80
           4       0.08      0.32      0.13        44
           5       0.00      0.00      0.00        36
           6       0.43      0.08      0.14        73
           7       0.25      0.05      0.09        74
           8       0.06      0.37      0.10        30
           9       0.00      0.00      0.00         0

    accuracy                           0.20       983
   macro avg       0.19      0.14      0.11       983
weighted avg       0.44      0.20      0.25       983

136 25 0 79 70 6 1 0 42 106
19 6 3 18 18 0 1 1 15 29
10 2 2 14 9 1 2 2 16 13
12 3 1 13 13 1 0 3 18 16
2 0 1 4 14 0 0 2 14 7
0 4 0 2 8 0 0 1 13 8
2 4 0 3 12 0 6 3 28 15
1 1 5 4 12 0 1 4 27 19
0 0 2 0 10 0 3 0 11 4
0 0 0 0 0 0 0 0 0 0

