Accuracy: 0.31841302136317395
              precision    recall  f1-score   support

           0       0.74      0.47      0.58       478
           1       0.17      0.19      0.18       102
           2       0.10      0.02      0.04        91
           3       0.10      0.16      0.12        68
           4       0.15      0.24      0.19        55
           5       0.00      0.00      0.00        40
           6       0.13      0.39      0.20        59
           7       0.19      0.05      0.07        66
           8       0.25      0.62      0.35        24
           9       0.00      0.00      0.00         0

    accuracy                           0.32       983
   macro avg       0.18      0.21      0.17       983
weighted avg       0.43      0.32      0.35       983

227 67 2 63 36 3 52 0 3 25
34 19 1 14 7 0 11 1 1 14
23 12 2 15 11 1 12 4 2 9
16 4 1 11 8 0 15 2 3 8
4 2 3 3 13 0 18 3 5 4
1 5 2 1 5 0 17 1 5 3
0 2 3 4 2 0 23 2 9 14
0 2 5 4 2 0 19 3 18 13
0 1 1 0 0 0 5 0 15 2
0 0 0 0 0 0 0 0 0 0

