Accuracy: 0.5055951169888098
              precision    recall  f1-score   support

           0       0.51      1.00      0.68       456
           1       0.00      0.00      0.00       100
           2       0.00      0.00      0.00        82
           3       0.00      0.00      0.00        71
           4       0.00      0.00      0.00        60
           5       0.00      0.00      0.00        40
           6       0.00      0.00      0.00        68
           7       0.42      0.50      0.46        80
           8       0.50      0.04      0.07        25
           9       0.00      0.00      0.00         1

    accuracy                           0.51       983
   macro avg       0.14      0.15      0.12       983
weighted avg       0.29      0.51      0.35       983

456 0 0 0 0 0 0 0 0 0
99 0 0 0 0 0 0 1 0 0
79 0 0 0 0 0 0 3 0 0
66 0 0 0 0 0 0 5 0 0
54 0 0 0 0 0 0 6 0 0
38 0 0 0 0 0 0 2 0 0
50 0 0 0 0 0 0 18 0 0
39 0 0 0 0 0 0 40 1 0
4 0 0 0 0 0 0 20 1 0
1 0 0 0 0 0 0 0 0 0

Accuracy: 0.5391658189216684
              precision    recall  f1-score   support

           0       0.54      1.00      0.70       479
           1       0.00      0.00      0.00        95
           2       0.00      0.00      0.00        61
           3       0.00      0.00      0.00        77
           4       0.00      0.00      0.00        64
           5       0.00      0.00      0.00        43
           6       1.00      0.04      0.07        56
           7       0.53      0.59      0.56        79
           8       1.00      0.07      0.13        29

    accuracy                           0.54       983
   macro avg       0.34      0.19      0.16       983
weighted avg       0.39      0.54      0.39       983

479 0 0 0 0 0 0 0 0 0
91 0 0 0 0 0 0 4 0 0
58 0 0 0 0 0 0 3 0 0
73 0 0 0 0 0 0 4 0 0
62 0 0 0 0 0 0 2 0 0
43 0 0 0 0 0 0 0 0 0
45 0 0 0 0 0 2 9 0 0
32 0 0 0 0 0 0 47 0 0
8 0 0 0 0 0 0 19 2 0
0 0 0 0 0 0 0 0 0 0

