Accuracy: 0.5106815869786369
              precision    recall  f1-score   support

           0       0.52      1.00      0.69       461
           1       0.00      0.00      0.00       112
           2       0.00      0.00      0.00        77
           3       0.00      0.00      0.00        64
           4       0.00      0.00      0.00        57
           5       0.00      0.00      0.00        54
           6       0.20      0.02      0.03        66
           7       0.39      0.54      0.45        69
           8       1.00      0.17      0.30        23

    accuracy                           0.51       983
   macro avg       0.23      0.19      0.16       983
weighted avg       0.31      0.51      0.36       983

