Accuracy: 0.3540183112919634
MSE 3.958290946083418
RMSE 1.9895454119178628
              precision    recall  f1-score   support

           0       0.75      0.58      0.65       489
           1       0.16      0.41      0.23       121
           2       0.06      0.13      0.08        68
           3       0.06      0.08      0.07        61
           4       0.03      0.02      0.02        50
           5       0.00      0.00      0.00        47
           6       0.00      0.00      0.00        70
           7       0.00      0.00      0.00        57
           8       0.00      0.00      0.00        20

    accuracy                           0.35       983
   macro avg       0.12      0.14      0.12       983
weighted avg       0.40      0.35      0.36       983

Accuracy: 0.34689725330620547
MSE 4.614445574771109
RMSE 2.148126061191733
              precision    recall  f1-score   support

           0       0.75      0.61      0.68       453
           1       0.12      0.38      0.19       100
           2       0.08      0.21      0.12        71
           3       0.13      0.10      0.11        90
           4       0.02      0.02      0.02        55
           5       0.00      0.00      0.00        46
           6       0.00      0.00      0.00        65
           7       0.00      0.00      0.00        76
           8       0.00      0.00      0.00        27

    accuracy                           0.35       983
   macro avg       0.12      0.15      0.12       983
weighted avg       0.38      0.35      0.35       983

Accuracy: 0.36927772126144454
MSE 4.082400813835198
RMSE 2.0204951902529236
              precision    recall  f1-score   support

           0       0.76      0.60      0.67       475
           1       0.18      0.47      0.26       120
           2       0.08      0.22      0.12        65
           3       0.07      0.06      0.06        69
           4       0.05      0.03      0.04        61
           5       0.00      0.00      0.00        48
           6       0.00      0.00      0.00        60
           7       0.00      0.00      0.00        64
           8       0.00      0.00      0.00        20
           9       0.00      0.00      0.00         1

    accuracy                           0.37       983
   macro avg       0.11      0.14      0.11       983
weighted avg       0.40      0.37      0.37       983

