Accuracy: 0.34893184130213634
              precision    recall  f1-score   support

           0       0.77      0.50      0.60       477
           1       0.17      0.27      0.21       118
           2       0.11      0.02      0.03        60
           3       0.11      0.16      0.13        67
           4       0.16      0.27      0.20        48
           5       0.00      0.00      0.00        50
           6       0.13      0.41      0.20        58
           7       0.29      0.25      0.27        79
           8       0.15      0.20      0.17        25
           9       0.00      0.00      0.00         1

    accuracy                           0.35       983
   macro avg       0.19      0.21      0.18       983
weighted avg       0.45      0.35      0.38       983

237 91 2 52 42 1 47 3 2 0
38 32 0 20 2 0 19 6 1 0
12 16 1 9 5 0 11 6 0 0
17 12 2 11 5 0 17 1 2 0
4 5 1 5 13 0 14 4 2 0
1 5 0 2 7 0 20 12 3 0
0 10 0 1 6 0 24 8 9 0
0 20 2 3 2 0 22 20 10 0
0 2 0 0 1 0 9 8 5 0
0 0 1 0 0 0 0 0 0 0

