Accuracy: 0.4811800610376399
              precision    recall  f1-score   support

           0       0.68      0.78      0.73       438
           1       0.22      0.28      0.24       124
           2       0.13      0.08      0.10        77
           3       0.14      0.09      0.11        78
           4       0.19      0.10      0.13        60
           5       0.27      0.07      0.11        45
           6       0.41      0.43      0.42        68
           7       0.37      0.54      0.44        67
           8       0.79      0.42      0.55        26

    accuracy                           0.48       983
   macro avg       0.35      0.31      0.31       983
weighted avg       0.45      0.48      0.46       983

