Accuracy: 0.49949135300101727
              precision    recall  f1-score   support

           0       0.61      0.85      0.71       456
           1       0.16      0.17      0.16       111
           2       0.20      0.01      0.02        78
           3       0.10      0.05      0.06        66
           4       0.14      0.02      0.03        53
           5       0.00      0.00      0.00        44
           6       0.39      0.32      0.35        60
           7       0.40      0.62      0.49        86
           8       0.80      0.28      0.41        29

    accuracy                           0.50       983
   macro avg       0.31      0.26      0.25       983
weighted avg       0.42      0.50      0.43       983

