Accuracy: 0.4842319430315361
              precision    recall  f1-score   support

           0       0.72      0.75      0.73       465
           1       0.20      0.32      0.25       100
           2       0.13      0.09      0.11        75
           3       0.13      0.11      0.12        71
           4       0.14      0.10      0.11        51
           5       0.50      0.02      0.03        58
           6       0.32      0.39      0.35        57
           7       0.44      0.54      0.48        84
           8       0.60      0.41      0.49        22

    accuracy                           0.48       983
   macro avg       0.35      0.30      0.30       983
weighted avg       0.48      0.48      0.47       983

347 74 15 16 5 1 3 4 0 0
49 32 4 8 1 0 3 3 0 0
36 17 7 7 0 0 4 3 1 0
23 13 6 8 9 0 8 4 0 0
9 13 9 4 5 0 4 7 0 0
12 3 7 9 8 1 10 7 1 0
5 4 2 1 3 0 22 20 0 0
3 3 4 6 5 0 14 45 4 0
0 0 0 2 0 0 1 10 9 0
0 0 0 0 0 0 0 0 0 0

