Accuracy: 0.4486266531027467
              precision    recall  f1-score   support

           0       0.52      0.85      0.64       447
           1       0.17      0.18      0.17       124
           2       0.00      0.00      0.00        72
           3       0.00      0.00      0.00        75
           4       0.00      0.00      0.00        54
           5       0.00      0.00      0.00        43
           6       0.11      0.02      0.03        64
           7       0.36      0.51      0.42        71
           8       1.00      0.03      0.06        32
           9       0.00      0.00      0.00         1

    accuracy                           0.45       983
   macro avg       0.22      0.16      0.13       983
weighted avg       0.32      0.45      0.35       983

Accuracy: 0.508646998982706
              precision    recall  f1-score   support

           0       0.53      0.96      0.69       479
           1       0.11      0.04      0.06       110
           2       0.00      0.00      0.00        63
           3       0.50      0.02      0.03        65
           4       0.00      0.00      0.00        66
           5       0.00      0.00      0.00        52
           6       0.00      0.00      0.00        63
           7       0.39      0.49      0.44        59
           8       0.83      0.20      0.32        25
           9       0.00      0.00      0.00         1

    accuracy                           0.51       983
   macro avg       0.24      0.17      0.15       983
weighted avg       0.35      0.51      0.38       983

Accuracy: 0.3285859613428281
              precision    recall  f1-score   support

           0       0.58      0.50      0.54       469
           1       0.12      0.43      0.19       122
           2       0.00      0.00      0.00        70
           3       0.00      0.00      0.00        69
           4       0.00      0.00      0.00        62
           5       0.00      0.00      0.00        39
           6       0.04      0.02      0.02        62
           7       0.28      0.46      0.35        67
           8       1.00      0.09      0.16        23

    accuracy                           0.33       983
   macro avg       0.23      0.17      0.14       983
weighted avg       0.34      0.33      0.31       983

