Accuracy: 0.46795523906408953
              precision    recall  f1-score   support

           0       0.47      1.00      0.64       460
           1       0.00      0.00      0.00       111
           2       0.00      0.00      0.00        65
           3       0.00      0.00      0.00        76
           4       0.00      0.00      0.00        50
           5       0.00      0.00      0.00        43
           6       0.00      0.00      0.00        71
           7       0.00      0.00      0.00        82
           8       0.00      0.00      0.00        25

    accuracy                           0.47       983
   macro avg       0.05      0.11      0.07       983
weighted avg       0.22      0.47      0.30       983

460 0 0 0 0 0 0 0 0 0
111 0 0 0 0 0 0 0 0 0
65 0 0 0 0 0 0 0 0 0
76 0 0 0 0 0 0 0 0 0
50 0 0 0 0 0 0 0 0 0
43 0 0 0 0 0 0 0 0 0
71 0 0 0 0 0 0 0 0 0
82 0 0 0 0 0 0 0 0 0
25 0 0 0 0 0 0 0 0 0
0 0 0 0 0 0 0 0 0 0

