Accuracy: 0.4669379450661241
              precision    recall  f1-score   support

           0       0.47      1.00      0.64       459
           1       0.00      0.00      0.00       107
           2       0.00      0.00      0.00        74
           3       0.00      0.00      0.00        80
           4       0.00      0.00      0.00        56
           5       0.00      0.00      0.00        43
           6       0.00      0.00      0.00        55
           7       0.00      0.00      0.00        79
           8       0.00      0.00      0.00        30

    accuracy                           0.47       983
   macro avg       0.05      0.11      0.07       983
weighted avg       0.22      0.47      0.30       983

459 0 0 0 0 0 0 0 0 0
107 0 0 0 0 0 0 0 0 0
74 0 0 0 0 0 0 0 0 0
80 0 0 0 0 0 0 0 0 0
56 0 0 0 0 0 0 0 0 0
43 0 0 0 0 0 0 0 0 0
55 0 0 0 0 0 0 0 0 0
79 0 0 0 0 0 0 0 0 0
30 0 0 0 0 0 0 0 0 0
0 0 0 0 0 0 0 0 0 0

