Accuracy: 0.43540183112919634
              precision    recall  f1-score   support

           0       0.44      1.00      0.61       428
           1       0.00      0.00      0.00       107
           2       0.00      0.00      0.00        86
           3       0.00      0.00      0.00        91
           4       0.00      0.00      0.00        61
           5       0.00      0.00      0.00        49
           6       0.00      0.00      0.00        63
           7       0.00      0.00      0.00        68
           8       0.00      0.00      0.00        30

    accuracy                           0.44       983
   macro avg       0.05      0.11      0.07       983
weighted avg       0.19      0.44      0.26       983

428 0 0 0 0 0 0 0 0 0
107 0 0 0 0 0 0 0 0 0
86 0 0 0 0 0 0 0 0 0
91 0 0 0 0 0 0 0 0 0
61 0 0 0 0 0 0 0 0 0
49 0 0 0 0 0 0 0 0 0
63 0 0 0 0 0 0 0 0 0
68 0 0 0 0 0 0 0 0 0
30 0 0 0 0 0 0 0 0 0
0 0 0 0 0 0 0 0 0 0

